GCSs_coordinate	N3E	Score
1465	8.93367648805	5.4736893
1831	9.47308592988	-0.21850514999999993
8246	6.21431492425	4.3509065
15293	8.72087142065	1.297723885
20104	32.259830076	9.9664825
25536	8.80454217414	3.72223025
32858	8.46813850261	9.03977175
48976	13.7065394704	5.831336500000001
67877	19.2131058741	6.962276
67889	13.1675291043	4.3708266
93257	16.9485028716	6.5299257
103637	18.2996470795	6.140969350000001
107114	13.3119805328	1.4561753
110434	15.928349567	3.6102712
110445	37.6049975263	3.6650186000000002
112305	11.1577219932	2.71315625
114608	10.2033364019	5.78291735
114609	22.0009291205	0.602405935
115098	9.71057770477	3.3309531999999997
115446	5.9453111295	0.23132884999999992
115942	5.56735498191	3.1767472999999997
118899	18.6907490701	5.7273435
120328	16.7338394083	1.498825815
120961	6.4894761655	2.15238725
141151	58.3291950123	4.2676463
146109	8.89888313055	3.7473264
147220	16.9071807172	-1.143405835
167584	6.78479280163	6.3703439
171633	6.8979922626	4.8304073
172487	9.69852278663	5.834611799999999
173206	7.85269949092	4.3965489
182043	9.85994432032	4.732452
185617	9.62727598952	4.9055190500000005
187491	31.0454939425	6.3835044
187719	6.37806498797	7.057635149999999
208865	7.34523183051	0.86074078
210136	10.6411353625	10.338736
212731	9.24694033324	3.4606267500000003
217448	8.19681962139	5.59804845
228897	8.36354182575	4.8278428
229747	11.0389965891	1.59955745
230015	16.9699267803	3.2499088
231796	13.1991530295	6.7620747
233127	9.88523046409	5.4986242999999995
235575	8.15382612835	6.221553350000001
235595	13.5612105747	0.054954235000000004
235803	5.47358853124	3.76945965
235840	7.7510819726	2.5863043
241324	6.37564925335	3.2189710500000004
247163	12.2173598029	3.6611179
248857	10.1292221457	4.1925317
250138	11.6550225755	6.514398549999999
265037	16.0447231013	7.37465675
265038	7.9682442277	7.734546999999999
314937	9.36567389036	6.8969631
391698	8.99852729665	6.8969631
403869	10.0767287827	4.281886999999999
404834	11.4108746038	4.24590225
423306	18.5462949557	5.6372709
428797	11.043027952	1.166876965
435663	11.2043087639	7.8908421
436519	12.9919011694	8.88832265
436893	10.6060525621	2.46339155
439676	10.6558963325	1.9785408500000001
445578	6.01286198755	10.173790499999999
457083	17.3171426681	7.48403315
462319	16.929267395	7.8174618
462408	10.4898983764	3.4587921
465740	7.85737680472	2.10434805
466182	10.5425377512	5.45875635
469474	9.2679424115	8.280841500000001
469475	12.8519745307	2.541632315
472488	11.3714557514	4.8417693
472489	7.79374972656	-1.12369735
472658	30.9480394629	4.95205565
480497	24.8833919898	7.85244
493765	12.0043338775	11.550984499999998
497674	16.3431876137	2.2575965
497762	13.8701256077	5.1648935
498529	11.5287835691	6.671909299999999
501742	7.59778962874	3.92874525
501802	17.670778591	7.7301962
508674	18.0178377047	3.67776775
554816	11.9706726145	3.2428735499999997
554828	12.9761479697	2.790740465
566487	10.7563453335	6.8969631
572092	10.0037751609	2.5430572
594998	6.81834449052	3.9902017499999998
602333	14.4740580155	2.97787235
611071	11.4207825062	9.0890005
620310	9.74249809717	3.6703067999999996
633170	10.4041190436	6.926534999999999
638517	6.85205058792	4.15351645
640954	8.91215134951	0.03224773
641960	10.5303903041	1.9219843
657708	7.06867292251	8.7998855
657709	321.393988899	13.3289035
657713	7.06867292251	-1.9454048000000004
661594	17.8417241843	2.84853195
691412	6.49838875547	3.1098977000000003
707663	8.8663845932	0.14667155050000003
708502	10.1448827315	2.84805015
709188	9.04520551182	-0.273120175
730187	23.2698711609	7.6523535
741828	10.2260883827	8.033198500000001
750642	19.4009751406	5.14375055
759910	7.62039078061	3.1644605500000003
782855	10.1169965984	5.81337365
784580	6.45800555317	0.776378125
784583	13.2734006032	-0.12549095500000002
786767	10.5286592761	7.5271475
787713	8.90748789121	4.0921313
815625	5.13809496981	4.42815805
817472	34.7847229109	0.5206203199999999
821494	9.91737342526	2.2559435
826396	8.92561849072	5.5967143
831772	6.46707485825	6.865417
838480	10.6296626355	1.7119084
842337	15.2333611198	2.8086621999999997
845756	15.0806517284	2.3849078
852816	19.952902065	3.15557795
861982	12.6143733475	-1.5371926
866124	8.6619245495	5.4282737999999995
872183	10.0023718854	7.838157
882558	7.45445314625	1.80292578
884213	12.7002126949	-0.05437049999999999
886093	8.36114784762	1.2719608500000001
902396	6.5982752016	6.3897782
903952	9.84722781998	5.9570396
927507	10.5808972154	6.34028325
928896	9.05124364685	3.816545
929999	7.2877465448	0.5503065
937021	5.96457706643	6.49868655
938735	6.84825325338	4.515769
942763	30.2400484185	8.64178615
943040	9.06222975487	2.62732995
943108	7.64569627793	4.081583350000001
946604	23.1733705552	1.1419705
949747	21.2926052172	3.9799754499999995
952612	7.2952169563	4.8086305
967710	34.1702493821	0.9064291999999999
973832	14.2015304928	4.51062645
979391	9.01207755294	4.9265395000000005
979949	7.65734991024	3.5879204
980978	10.2188684116	4.8956555
982715	8.80728067507	4.6125117499999995
984523	15.2944862463	5.3780134
986526	11.559639676	1.44957115
1002760	11.7260695872	6.3133576
1007952	10.3632072375	2.6219289999999997
1015556	10.8374969571	-2.52486095
1016815	19.781958647	1.0401183
1018967	12.5763471615	2.663157
1019198	20.1684882695	-4.2912308
1019629	9.21177973459	3.796315
1020169	20.4061022763	4.651216
1020298	6.02601725833	3.3617736999999996
1020634	8.3045919122	3.6564531999999996
1025104	6.31427115661	2.118203
1051776	11.8465160061	9.8885945
1051787	8.21449663887	11.088530500000001
1076143	5.28080041137	2.73122205
1082089	14.5652435576	6.6220502
1083854	15.4333932378	2.6324221999999997
1083855	15.9631735911	-1.007670135
1096554	10.7492745743	6.8969631
1100994	7.91273672264	5.7092056499999995
1102768	7.81037406144	3.4960401
1114749	16.5152716595	7.940841
1117400	10.014048454	1.5895381
1119678	13.5388667646	10.1544305
1122919	15.4835100178	7.4461993500000005
1141234	7.50339996648	4.78729115
1143881	11.6196686967	0.139611029
1169380	24.1357838928	4.63770795
1172539	125.622176643	6.1476513
1172540	16.066528521	5.28731965
1185231	11.6807454481	1.9859547800000001
1186186	8.98690747098	-2.9331879499999998
1198762	5.42830324542	0.047080299999999964
1215986	7.35567227492	4.01752075
1235913	11.1679392088	6.6079304
1248684	10.2499995107	6.5069995
1249117	18.6833597886	4.717728
1271261	9.7269706638	4.93221585
1298070	8.87524659722	6.25854265
1309475	16.5757501595	3.4008615000000004
1310039	5.79304238504	2.3653298
1310170	11.0138899399	2.52615665
1310538	38.1403347467	4.81885005
1310783	8.58083724737	-3.8053822999999998
1326929	10.077975181	2.38931465
1344352	11.6282586011	0.59802876
1345019	12.3620845662	1.6366376500000002
1345326	20.0071310012	6.22714165
1345416	34.3627792323	8.11773
1345543	13.0776104101	4.9850005
1345591	9.74965931876	9.375405650000001
1345613	17.3763144493	10.056940999999998
1350467	7.04956724106	0.42347460000000003
1350468	14.095564709	-1.1247317675
1352644	9.91653139121	6.29982515
1355888	6.83437878004	3.36358925
1371496	11.7358430385	1.91977405
1396911	11.6443174046	2.7812479
1398325	20.093881685	2.93286845
1401303	12.9974195455	2.309616
1404057	10.4407304187	2.47901405
1404125	8.10256098115	8.64721475
1414015	9.75126271777	7.447724299999999
1487043	21.7653324364	3.3390616499999997
1507468	9.4278701742	3.7702748
1507469	9.34355583831	2.82003075
1513501	11.8680646184	6.385256500000001
1519549	7.62520907998	4.28254025
1595511	15.1029889991	5.9109575
1597946	8.03686380934	3.8471493
1616921	8.68386645363	4.289448
1646640	17.3807197588	7.05779685
1657666	7.208101684	1.07355775
1657829	13.0801838281	4.8975795
1678897	6.5945513618	2.18464757
1686611	10.4790522669	5.3951555
1688713	8.10962963702	3.9619247
1715692	5.83662994667	3.7927793
1718198	9.6414871153	5.66732525
1725372	8.63943978549	3.68250525
1729321	15.0722533769	4.0584166
1732068	5.95272195457	9.959814999999999
1734964	20.6820652309	9.768947
1735157	10.1371711671	4.6518902
1736204	13.8172086153	5.05371065
1739530	8.03971508027	6.457854
1751129	19.7010690199	8.1741565
1759815	8.20921676709	2.3772196
1760992	6.38360725687	4.584175
1761453	6.19063408357	-0.7598412750000001
1761544	9.68207231029	6.7007872
1761549	9.68207231029	3.7141296500000003
1761554	12.9383631015	4.7450796
1762206	11.2865029282	2.89976825
1768838	8.96028031922	5.8059435
1783448	7.72011849534	6.22110265
1789663	7.51241182325	2.23900655
1797873	7.26216394683	3.27842475
1800481	13.6408238937	5.48079485
1833870	9.37646298814	1.83325125
1841041	5.3238620855	3.3244077499999998
1841119	12.8230360721	2.1037107500000003
1842402	19.2435839917	2.38497235
1844052	12.4412874631	4.2551561499999995
1846300	8.20577025125	5.904722
1862650	5.93494057956	-3.87147165
1866871	9.1852796396	6.7276808500000005
1878010	19.7840385609	3.33380795
1900211	13.2378992647	9.2030945
1901672	7.83909915656	5.172769049999999
1904095	7.52491296194	2.36335075
1909130	13.662332341	1.6745070000000002
1909379	13.2116019421	-2.24107025
1909663	7.22979117642	-0.4858484500000001
1913341	9.52166649261	5.775203299999999
1924282	10.7994968418	6.65493425
1925405	7.41879849934	4.8655318
1926980	8.67498456619	7.5593828
1928521	6.08249871041	2.3657776999999998
1939034	5.83450499447	5.489630999999999
1942447	33.2021349066	1.696713235
1943218	8.43602907927	4.675514
1943707	8.19415035283	-1.6037277650000001
1946408	7.66457583822	4.84383885
1979750	12.6316154994	5.1787677
1993607	14.567266191	5.9046199999999995
1994423	11.9015563284	4.8949394
1994424	11.5518358751	4.44481445
2007904	19.3069422809	5.755441
2017845	10.7149498025	4.0413915000000005
2021995	40.234782934	5.13136235
2025933	10.2661324134	8.31125915
2028326	9.12470719642	-4.40217995
2029247	9.87470998228	1.2714365609999998
2058418	35.1363538908	2.3766574
2061694	10.2229624587	9.441578
2072063	18.3670174272	5.312894099999999
2076404	10.9757734378	8.898073
2090756	43.5566066315	7.154698
2095594	14.4294112001	9.264320999999999
2113136	6.59480455449	1.21977155
2113868	9.09701664126	2.2079234249999997
2141482	30.2580052715	1.295255475
2163578	10.4704600985	5.49928955
2172357	8.22491876777	5.3519378
2173917	9.65800999154	6.8969631
2186130	11.2345276147	2.19803975
2197365	8.99408421834	4.01327225
2225664	9.5806853047	7.831787500000001
2241446	12.3004354792	3.5916358500000003
2244056	13.3814309295	5.003966999999999
2246809	10.5983914183	0.64251925
2249391	12.4238913973	10.0141385
2279788	19.1957076572	6.0410632500000006
2280176	11.1183320564	4.372161999999999
2286625	10.7974916552	1.0312082
2289808	16.3000046455	2.54090475
2291718	39.049069181	4.506127599999999
2298353	6.79381804874	3.50538755
2307001	5.96214177287	7.71878615
2308989	9.91049168661	6.710090500000001
2309328	7.98156272195	5.1907350999999995
2330530	6.51268641396	6.954230600000001
2340044	18.8357781237	2.68660145
2359388	11.9913248686	4.84728635
2361536	11.5534120809	6.0559913
2363664	9.5127423894	2.2537459
2375648	10.5392919982	2.7409559999999997
2387240	14.1721303899	-2.9078635999999998
2395978	10.5167242685	5.00792125
2396983	6.76232167844	5.44807585
2399207	21.9998148005	3.6847681000000003
2399215	8.86878986241	6.64751625
2412877	8.28079264091	9.874646250000001
2412888	34.84446245	9.9664825
2415037	9.13319793023	3.0673644500000004
2423331	6.47243462419	1.52763815
2423829	15.3521026551	-1.1035805
2429931	8.37673772651	2.71707982
2431063	5.87647719794	2.41940835
2433875	9.66318656347	4.87932575
2435648	17.1114190083	6.98714
2436263	9.37030824428	4.66822485
2436654	11.2305084668	1.281898565
2437071	16.6223562858	-1.6447474999999998
2437548	18.4672508048	6.00968
2437641	7.30570215068	0.11922549999999998
2439152	7.95984178016	8.2516426
2442777	19.3002512098	2.9477093500000002
2454841	6.79265161275	1.02468002
2465956	8.31715538342	4.223250200000001
2468344	6.00013383599	6.971313950000001
2479636	21.411613203	6.2577715000000005
2493874	16.4684474953	1.5001393
2500827	7.90026440639	2.33608225
2508334	8.08567672859	0.387770675
2512708	17.0940309605	9.6561005
2514501	11.8482803959	5.9823318
2520758	18.305096879	5.00372635
2526549	13.730192281	2.19424245
2533921	13.5652115835	2.8303923500000003
2535166	9.59488531936	3.0777417
2535561	8.01662245928	6.8191521
2536384	13.0533808408	3.1219751999999996
2543684	15.4508077074	4.198100999999999
2544732	16.7534192938	1.51437105
2547221	6.84736246466	5.4124615
2547914	17.4778696927	6.4247415
2550462	17.8330101809	8.154181999999999
2552629	15.6216681198	7.11935725
2562289	10.7551450505	0.7316747299999999
2566574	8.98617365487	5.2973344
2568760	12.0546217738	9.469285750000001
2569091	8.16160710819	6.71734835
2571951	6.06282618795	9.3581375
2576865	7.36245121805	4.1780466
2593942	13.9503949243	0.58294203
2622212	12.0228628176	4.78971925
2627785	12.593104011	2.827168
2630299	10.4526926722	-1.1158661699999999
2632361	10.4599851136	5.34186875
2633176	32.2495383532	1.6876594825
2636378	10.7500510585	3.21491895
2637809	12.854738344	5.03720165
2645059	9.91658160608	4.4769568
2655615	16.8220474953	-0.1688614
2657099	10.1562477312	6.4569825000000005
2657316	6.90751771303	-1.7645982850000002
2657321	6.55915033415	4.35457915
2661617	9.90132756821	3.9874562
2670345	12.3301328287	1.3008038000000002
2671356	17.8045713234	7.961711300000001
2681552	15.0524317629	-1.6044342825
2687373	13.9677657681	0.43757163
2692409	24.8337676994	2.4134962
2692410	10.0083193888	5.4701995
2701822	18.902273491	4.0432436
2702025	7.62324377864	6.4969361
2705628	10.6199851698	3.7091516
2707899	8.67055734078	4.8218342
2718666	16.4943378979	1.083659025
2719575	10.6320104325	6.3224075
2722754	9.28977466725	3.316655
2722765	9.90444005747	4.2269922
2722831	12.5842589349	7.7460225000000005
2738855	10.5809899237	-1.74416294
2739053	27.9680080389	6.42032665
2740316	9.65013894233	7.2914228
2740477	10.060876973	0.27389593749999996
2743669	10.8989757759	7.573934700000001
2744524	14.0326539928	5.40259765
2752701	9.67055213218	2.84995545
2756970	12.8989019266	-0.08203265000000004
2768639	7.3095091335	1.2450090550000001
2769031	17.2427326345	1.6062457
2770773	17.2953646119	2.166205835
2776173	9.11206069712	6.766493499999999
2807417	22.6914884671	3.4412333
2813762	11.6543027667	-0.575529855
2814747	9.18478903694	4.73336775
2857284	8.52863036124	2.9810323
2873733	7.47005815298	6.392177
2896944	15.0989799288	1.41484118
2907353	6.62234511377	0.98687707
2914231	5.93862646007	1.03116994
2921202	19.8683851728	-0.02733779
2926779	18.3583781978	0.627374615
2945502	11.9218530842	1.6703969
2950487	15.7299169558	10.075992
2974589	10.4822324997	0.19717205000000004
3017346	10.2348162382	7.1642735
3018563	20.9653554478	6.966935149999999
3020872	8.35240342844	2.8142630150000003
3022067	9.42136672167	6.1999414999999996
3025605	13.3726191408	10.566902500000001
3052005	16.8216614064	4.625654
3074615	20.3269913773	5.5909825
3087351	20.1359669138	6.30384375
3093529	37.1011817797	8.3375304
3097927	12.6585420576	3.2874165
3108748	28.6890601866	3.6107401
3122099	13.6284121093	2.78845325
3131691	19.4982785441	7.88986775
3141036	7.61256018593	2.6329961
3145156	9.31355672465	2.0695481
3151106	10.1083736428	4.2279799
3173445	5.95479268786	7.322695850000001
3175816	11.3239645123	2.49298825
3178959	14.62091174	2.73538375
3178964	6.57921305968	-2.78594745
3181698	13.8057090625	3.63105285
3208639	9.74529581594	7.8273222
3208717	19.9230739775	0.05427731499999999
3211679	12.0883035712	4.72671925
3213152	11.2627637496	7.5502981
3218727	8.92863199008	0.51928429
3226800	7.75046261514	1.7547758249999998
3240678	13.2852929841	0.24199356
3251456	23.1427832377	0.23831225
3255240	11.7659945035	0.848106115
3273944	9.12513192447	4.0008522
3296616	6.67834563856	3.8702859
3297948	9.96070818118	5.7564564
3300165	23.0570254211	7.857541
3302839	8.4946416943	3.809654
3315830	11.8657273371	7.5256565
3315959	9.69898006575	4.1243803
3325743	41.7136259859	5.9237988
3330634	6.72345171951	7.8788967
3330635	18.0213234851	7.72911925
3332325	22.3670118943	7.7347563500000005
3332404	8.93606422759	9.1600035
3353131	10.3641380108	1.35002972
3357492	17.4863715771	2.3443129999999996
3364266	22.8498140982	3.74918435
3365063	27.9852795342	2.778061
3365064	6.07969523022	3.4302768500000003
3370965	11.6925992078	9.633161999999999
3372576	12.2537065867	4.2246124499999995
3376600	7.23317307369	2.8047368
3383142	15.1690947862	2.8813058
3385979	15.9662866183	2.0638183000000003
3387745	17.0060954434	4.2507641
3393106	14.2161010847	7.0719904499999995
3393197	8.56576910524	8.824958500000001
3393288	10.8625755945	9.1150925
3394261	14.4813115471	6.3095627499999996
3395575	6.26834900727	1.919069925
3397890	15.5940255497	4.8270158
3402288	9.27360020272	4.7712771499999995
3405644	13.6739238053	-2.508395975
3410453	11.9776213684	8.581886
3410750	8.70841402122	6.4116088
3413358	39.6540031784	6.5817945
3420035	12.4233371993	5.1070929000000005
3420047	17.9702029817	3.781671
3420527	9.21530828051	1.99010925
3420814	17.8273965504	3.778187
3422772	7.77835256716	8.562027
3422773	6.35497950266	3.8563570499999997
3423114	9.83166000883	4.1852363
3423218	7.39107836236	4.1044786
3423929	8.19964467937	-1.25046776
3431383	14.0653823453	5.91528845
3459359	9.75523021873	2.42642031
3460195	10.1040045979	2.77959025
3460244	14.3490154334	0.9422728
3464001	9.44543918908	2.10959815
3464177	12.1307018562	4.9530673499999995
3464432	39.7802805835	2.36312455
3464498	8.2533385558	2.6061737000000003
3464616	19.1675044025	2.9313515
3464711	12.5883481742	2.8885256999999998
3464925	13.5118220135	1.6325223500000001
3464939	10.1809046884	-0.31622085
3465146	33.1832856605	0.4489173999999999
3465704	10.6768147802	-2.7017826
3488582	20.4715455122	3.9043661
3490602	22.3744132005	3.8152105
3509067	34.6895991165	3.7961531
3510577	9.55915006504	8.445303500000001
3514893	18.1788293689	6.92972445
3520260	11.9765850287	6.97944
3521769	12.5654023753	5.12565855
3526990	17.9402822499	4.1795387
3527358	6.83402714645	1.8498259999999997
3529467	9.74957987027	4.61739515
3531311	10.9512784963	1.26043937
3541896	10.4791155616	3.4283205
3543387	9.86091311029	4.76521885
3557271	17.2497459612	0.5523206479999999
3557942	6.25273442053	3.5378778
3565744	7.74752693889	-1.1516235350000001
3570143	10.0442653189	5.10768325
3577930	6.72475667515	5.6058741
3581309	22.4428443099	6.7289869499999995
3581868	11.4248501656	4.6378775
3595097	6.39086000888	1.24084984
3595520	17.4140399825	4.6270158
3595892	15.8694908959	2.29147515
3596025	9.5676756985	3.1077217
3596175	24.1501508461	10.474651999999999
3596760	7.40461458921	-6.07852415
3596892	9.82643321261	-0.07441529999999996
3613813	11.6245450033	5.0589013000000005
3620416	14.9567433629	-2.19662135
3625957	25.0044298423	4.17187575
3627810	9.97490568917	5.493155
3629956	18.9175654678	8.623205
3630658	5.54705276285	3.9109999999999996
3636918	14.5231756248	1.15922655
3637910	9.64499427399	3.9436323499999997
3638373	7.04676468136	-3.0047351
3654614	9.18196848395	3.55783075
3657840	81.594255955	1.1179208
3657841	20.2448497684	-1.7607889499999998
3663108	15.9628561076	3.34020925
3669439	9.28232398128	3.23561845
3675342	10.1758070279	0.635111305
3675887	7.3142345203	7.8444103499999995
3677824	10.0442648723	2.1539764999999997
3683366	9.88731105437	0.15636433800000002
3688007	6.80821491466	8.3190105
3688126	19.5525145416	-1.9830602000000002
3688127	81.5168637306	2.48466925
3688128	10.1526139864	2.9297525
3688132	18.4888606462	-2.43969515
3688133	6.70354479474	-1.6357462999999999
3688137	6.06252492729	4.9692445
3688139	104.538114421	9.057072
3688142	6.06252492729	2.49529565
3688144	13.836190937	1.4313566
3688146	5.75872677915	1.2435121999999996
3688149	13.836190937	6.30261755
3688150	37.3582068761	6.1997257
3688588	17.0249391469	1.411509125
3688589	8.61321518649	4.35897855
3688904	9.01439579786	7.564147
3689112	10.854150218	0.999204625
3689414	7.41719802358	-0.676825024
3690237	7.48778621766	1.6880136000000001
3690238	10.2650727799	1.163829225
3690957	6.36125835587	4.8278428
3701508	8.02647246332	-0.20849567775
3714478	13.1650745368	0.314924335
3715414	9.11526250044	2.2314255000000003
3723317	21.9037321252	7.94093515
3728954	9.15902465319	3.8816645999999997
3730566	8.34815362056	3.7026575999999998
3734520	10.2361615024	4.50512835
3740784	15.7234139345	2.4075739
3742339	10.5027582856	2.13533835
3743446	5.4312585706	2.56203805
3746412	10.398310749	-3.5984825000000003
3747338	10.2380962282	5.67922545
3750574	8.40833975138	-0.018057745000000014
3758853	11.4226565024	6.5415648
3762322	6.63363080276	6.04051735
3762323	15.4515118186	5.1006665
3772398	9.31763475526	5.54117335
3779313	9.37336277415	4.538856
3786268	9.0413092824	3.2230232
3787398	10.4480674959	2.4500062
3799568	26.5460337947	4.3050545499999995
3799569	27.7571570359	4.880826
3830528	10.3228524004	-5.54140325
3830533	19.9040951522	5.43374065
3845281	12.0840247582	5.22871335
3845282	6.00707136551	7.95638585
3845327	9.03267647886	2.2201605
3849299	40.6111524783	6.790889699999999
3852700	8.71851149184	6.2870708
3853057	9.45410260038	2.95038905
3854295	13.6941318718	2.6844201
3855672	13.8526816995	1.2635203
3855677	16.6353896658	3.3069702
3855682	14.2769711775	5.96024725
3870024	15.422517704	4.33128215
3881595	17.1393590929	5.5418968
3896405	10.3565822826	5.86517235
3906025	11.3802473528	10.6478645
3918214	5.94931327902	3.4271034
3920203	22.8900819575	1.667837775
3920205	9.13185271055	0.44953590000000004
3920258	6.64141034941	3.0741053000000003
3950978	14.8076288097	5.0465237
3960470	15.8174742672	6.38325925
3960481	14.926628681	3.20224315
3962457	11.7238927574	2.3683936
3967270	9.23413931718	3.31089425
4000290	11.6450556452	3.51061235
4003031	11.249398467	1.8179127
4022741	11.3336624286	0.9112380399999999
4023537	11.2612801464	7.42195725
4042617	43.8584404476	2.1995016
4057650	28.8953843511	9.9664825
4061017	20.5160520779	6.676461
4061283	6.85608118735	4.79763995
4071751	6.73424591851	-1.03804468
4075955	14.9315900669	0.68881993
4076521	8.50386258913	1.35443177
4078289	6.37768683343	1.403031065
4086756	10.2543397869	2.7186153
4087041	34.9625487615	3.5897037999999997
4091819	8.55030989213	2.1880904
4092512	8.18341445909	0.41886886
4098821	7.59654715335	1.302248598
4099326	9.92863891932	5.04262015
4100413	16.8429662255	4.0603114
4100481	24.6037895864	3.4101916
4100997	6.09314216391	0.282223915
4105577	13.9914628389	1.4926533000000002
4108738	8.32882316484	4.425625
4110039	10.6454591108	6.5255805
4110288	6.67687425576	3.3272531499999998
4111349	13.7079104569	6.3631494
4111350	9.93090793725	6.13082195
4114062	14.294041645	3.92964425
4114585	10.7701551293	1.7161990999999999
4131672	16.3577145563	3.2410832999999997
4133190	21.7212758916	4.8335077
4136358	12.3417670151	2.5478208
4137671	7.42500260271	2.80578875
4138818	10.3733722656	2.5333413
4140446	10.2236661297	7.10764885
4141541	11.3721394089	6.9574225
4143379	16.2254959436	2.99183595
4143575	50.3765278199	6.765143350000001
4147091	11.396732861	6.3072372
4155224	7.58701381866	1.388314275
4162256	15.6770528188	6.5201328
4192884	11.0312591087	0.05888480999999998
4199113	5.53202516813	6.254815349999999
4199942	11.4892799017	4.572502
4200549	9.38087699553	4.46537495
4201397	11.0409353414	0.815325725
4201885	10.8802616097	0.5510314599999999
4203916	13.9850330178	-2.2635813999999996
4218488	7.06224443058	4.6318307
4218493	7.06225794853	-3.4049552
4219048	6.66099975111	2.8914477499999998
4219474	12.0454632528	3.45223485
4219485	12.6804067361	4.3341404
4219543	8.48017329723	2.82657385
4219600	9.48968207119	0.49064248499999996
4220266	7.92892143866	5.5311083
4220627	6.89752337451	5.00860515
4221726	71.7188815638	1.9763064000000001
4221727	7.53326601216	1.3357949999999998
4224225	9.45850610873	5.23338925
4242250	13.5949306429	2.9461321
4260231	8.28320754053	3.4875837
4260253	7.2918496142	7.619054
4262872	8.27881268477	4.9125212000000005
4263362	15.4707664346	9.0294552
4263495	9.05256179461	2.3207974499999997
4264322	11.0689282753	3.027711
4266630	12.2040214967	3.9439732
4271043	11.021532354	6.0002446
4272551	6.8539863883	4.66909585
4276890	8.59921753642	9.22504725
4285645	6.43786815671	0.15884599999999993
4295905	8.92796465241	1.54801965
4295906	10.4789974983	6.1255275000000005
4323571	17.3316981721	12.981033499999999
4328100	32.4057415839	-0.48690652650000005
4337494	12.2233012526	8.8530805
4341126	24.4052954972	6.3423324999999995
4345103	7.58947341926	1.074013075
4353838	9.37262107388	6.34778665
4368908	5.8825271693	-1.3473598500000001
4382124	120.956798264	7.655939
4384248	11.9540047971	0.96112467
4397282	6.73468768206	2.77536385
4412834	12.2003037032	1.36423955
4414722	13.4182200189	3.0128437
4419277	9.21041405483	4.76339125
4419831	10.1006138084	3.26625135
4432601	10.7384519836	-4.377295
4436828	11.0802690623	6.5791343
4454752	11.4268060809	3.8899493
4461068	18.6480481456	7.626641
4462512	9.39220293093	1.9070786
4465565	18.4547194478	-1.4258308
4470696	13.9212520076	3.4240806
4486589	12.9275910656	4.61085075
4486891	13.2542546619	4.5774645000000005
4517363	20.184499775	8.758475
4517364	6.90961167478	9.0346245
4517489	14.4955391832	2.1029298499999998
4518303	15.2576314292	7.52532965
4520599	16.8946644274	-0.7343019599999999
4524728	17.2299990461	6.171472
4524739	14.0255960345	7.475173
4538521	16.5707814579	2.32969805
4563913	9.94625342874	5.0843548
4563914	8.08044847798	4.161195
4563936	11.6591420258	4.46372405
4585438	11.4094646476	8.432504
4602952	8.59727255167	5.50346875
4614667	10.3319346244	3.30732625
4616181	10.5449314076	6.559869
4621312	29.8719738356	10.226979499999999
4631823	8.29355528436	10.81315625
4643690	19.0250079862	1.38920545
