GCSs_coordinate	N3E	Score
3193	9.72154868914	6.990086
3319	9.17410631955	6.3762325
3987	9.66721454377	8.283663
6656	12.8925497573	3.5516423
7137	6.45065357165	7.45577285
8326	10.197652618	3.84003185
8327	10.1976718451	5.071016
9791	14.1092596881	-4.09331405
9792	9.66635118403	-2.0140664999999998
9793	15.2531479567	-1.5192832
9795	8.81028578872	-3.90908975
9797	15.9160010383	-1.49311058
10217	6.96157316871	1.5955134499999999
10714	7.53547421902	5.75094465
10804	6.86224679208	7.6996325
12677	10.7416096626	6.397188
15215	23.1520351677	5.20208145
15221	5.37553350102	-1.6230052
15226	12.9333252151	5.4276161
16628	8.60827840475	0.13586142000000007
20066	7.55200681678	-2.6946820000000002
20082	25.9709346551	6.77635625
20088	9.12858345714	-0.48521349999999996
20089	7.54152747223	-1.6338548
20090	9.17127358736	1.5717871000000003
20095	28.2982252108	7.501506300000001
20100	9.71447194563	-1.4398626
20104	8.61729872054	9.9664825
20105	8.62798146338	1.6406638500000001
24560	23.3617730961	0.71736215
27654	16.7388499137	4.6846149
30068	7.01257718927	-3.20121505
30701	7.01282201398	-2.79594617
31245	12.4919205231	5.9451319
32890	8.66304191871	3.0393107
33109	15.6808896703	1.53923335
42755	10.8620532014	2.9974931750000002
42760	8.12784716067	-1.913653025
47760	29.824255546	2.23340185
50911	7.02832594196	2.5945058000000003
50912	5.95536482479	3.01011975
64477	9.81220260319	3.5505066
65495	14.6298928155	7.7105015
66656	10.8906487238	2.067571
66663	9.27524510732	6.915894250000001
66748	9.28611480277	5.418867349999999
66824	15.8355376161	0.5676110149999999
66825	15.8139207041	-1.9476246499999998
66826	55.6452394027	-1.23210145
67868	13.0059076891	5.791333
67873	6.54074651595	-0.72092417
67889	12.3808620737	4.3708266
69160	7.09071638063	6.23670585
69983	25.6053776534	0.63492225
73107	8.59207142122	4.3030082
74431	7.07903924049	6.68751675
74464	6.52867579997	8.202793
74465	16.7119909421	10.002767
75736	24.5789065513	7.03671315
77114	6.53415753875	3.123424225
80116	13.7182812822	5.538275499999999
88472	6.56492415305	-1.03704412
92123	17.7445739109	4.3547764
96169	8.27020327814	7.9041963
97463	9.87727368345	6.12848875
97497	7.98852270128	3.1046763
98046	8.21332166774	0.67597181
100383	8.22576423131	3.974289
101609	18.0517087123	4.5500228499999995
103637	45.4000303919	6.140969350000001
103638	28.1712077581	4.22971815
104268	9.85775023398	0.5767180185
104269	38.0294879519	1.114103185
105619	9.86165626847	2.0339454150000003
109255	7.67639411081	4.4933283500000005
114608	13.7500806874	5.78291735
115517	5.35931850222	2.152565315
115813	5.49425646904	-1.7059237
115818	5.49425646904	-1.7212042
115882	6.65377225904	3.46919935
115942	11.2144583504	3.1767472999999997
119043	7.69839614104	3.0650786500000002
123298	11.0701665852	1.19007565
123299	21.5296513339	-2.1582399199999998
123304	20.9735233259	3.7713475
125273	14.2982483661	1.24614525
129098	8.82091581893	3.8680629
133789	8.13590222359	6.781890649999999
133897	6.67144081855	3.5778992499999998
133899	13.2499684388	7.122239499999999
139880	8.83979523995	5.68817705
141150	6.61216211975	2.97774755
141151	8.79791416761	4.2676463
141152	9.81563090047	1.2483925
143441	6.14616973892	4.3849765000000005
144759	7.17952146257	-1.8988388500000002
146109	14.3913249443	3.7473264
146913	6.6322406147	-0.725001315
149121	7.7348299597	-0.08572922999999999
152292	13.2910100079	2.2478096
157589	10.0057544786	0.20492169999999998
161414	83.4969965714	6.5952494999999995
165795	11.0937025827	4.13969685
166240	10.5546613038	5.19567065
171374	14.6483489418	7.9082225
172487	16.288134021	5.834611799999999
173119	20.0668237333	10.782616
177242	12.4969297397	1.9045029000000002
181887	7.3093726898	6.1900043
182552	9.50068156577	2.69201705
184421	7.2633630386	6.100487449999999
185617	14.4195320089	4.9055190500000005
185623	7.27926777596	-2.47352595
187491	11.6788795022	6.3835044
187492	11.7301460971	2.2126093000000004
187497	13.395588278	-5.239605
187719	8.09653829095	7.057635149999999
190775	8.42603023898	1.504144
192078	7.27266494239	4.21331885
196091	14.2187050729	-0.75937465
196440	7.27502701062	-3.9032041
196441	11.1886487854	-4.74993215
196446	11.7602898258	-0.9709057500000001
196447	15.2238542743	1.58323744
196453	7.26387256044	-4.36772895
198842	9.54652450092	2.6728165
199520	10.6861847127	4.1728992
202897	6.74516573594	3.9759111
204143	9.54989066815	2.17163635
204749	13.0562601712	10.04053
205269	7.29982796148	2.85471645
205982	7.30227888036	5.512748
210136	15.7021046581	10.338736
210137	12.1063695096	5.76771925
210138	8.46422394271	0.98825764
212956	18.6936402293	-0.9380215999999999
213481	23.8376934062	6.5137538
213482	8.45263501938	0.8250781500000001
219662	6.20945071178	3.47695575
222006	7.75581074956	4.06832095
224663	25.2136874787	7.404726500000001
230038	10.36379818	3.2406345500000002
231796	14.7960348285	6.7620747
233295	9.48641938602	6.35374515
235632	23.8364939942	3.0185904
236488	11.9042327099	5.68671275
245249	11.3700967977	2.52348247
248746	13.6251290412	2.8553834
253800	20.8881516446	5.9305888
253981	31.5203432155	4.3305463
255353	9.73933032573	5.3771225000000005
256002	9.69662740884	1.2652614500000001
257312	9.68007771883	4.94354815
261086	14.1606221949	8.8660625
261088	9.72405356665	5.7825678499999995
263695	27.5234723698	10.3827495
264285	18.3111133541	5.2905370000000005
265037	15.5198876433	7.37465675
269046	12.0526312023	3.5956041
269113	5.72035592178	3.9229914
269115	13.2077849606	2.1880169499999997
270095	8.00846608763	5.399416
273487	9.7298298625	0.8681156600000001
278673	16.0093674891	7.65601825
278686	15.1300762213	8.2338035
278691	8.03132854876	-1.45877965
290144	12.0571393773	7.65601825
290157	15.8748415881	8.2338035
290162	5.74339295806	-1.45877965
315386	7.50405950509	0.19384749999999995
315391	7.50405950509	1.270325747
315396	12.0883587841	-1.3241711
373678	12.2100092861	7.160273
376312	11.2685903993	3.00502105
378020	16.1663408144	3.53563165
382801	12.7461364755	3.6759576
382802	13.882878515	6.5982848
384916	8.57896216335	4.3314141500000005
385530	16.1208833583	4.3808018
385754	20.6471717172	6.405237700000001
385963	5.80548141224	3.4203761
386392	9.88800826043	3.1236363999999996
388319	10.0013900057	2.21371365
391234	12.2113801491	4.592867
391239	10.4537230199	-1.3241711
391244	5.80130281413	1.270325747
391249	5.80130281413	0.19384749999999995
394928	12.2270143729	3.38613175
398281	8.12975822369	5.687551099999999
398439	11.0552804642	1.90754995
398440	14.0103112963	4.2198148
398441	18.6673565775	-0.825713625
403859	6.40434696377	4.21610265
405652	9.31530461926	6.055282500000001
405986	6.40324729381	1.5582241
410631	8.7253743121	4.3734998
414055	9.9405064	4.03583585
414262	8.16268429658	-1.4665571
416934	11.0955307521	2.03660293
416942	35.1439261267	4.846561400000001
416948	8.16303558844	-2.9532544
416953	6.99681595267	4.0896114
417300	12.0998706627	3.4635595
417850	6.9886562532	0.75973515
419094	15.7975698366	3.5336607
419901	5.83690005426	1.9654912
421894	14.0295052443	5.01497525
423306	17.9900434338	5.6372709
423684	20.5257731284	0.29639375
423685	15.49107954	0.6819288750000001
423692	6.42516022036	1.34290465
424637	9.93414048854	-0.175247718
426054	11.1245651243	-1.49143495
427455	6.44571311263	3.6859192
428160	9.389515996	-0.42488442000000004
432875	12.8357406495	1.203136
432877	7.00241048301	1.1252958
433594	14.0112808044	-0.008465064999999994
436730	10.4986540016	6.6881566
436890	10.5070721966	2.5630716
436893	11.0959400538	2.46339155
436894	14.0172603011	-1.741243985
439676	13.8113328668	1.9785408500000001
443434	26.5018668103	0.834281465
443646	13.7950446872	1.902649
444143	7.54469811813	4.339991299999999
445511	10.413745681	5.99850535
446143	9.30721111712	4.59741225
448498	13.5212845278	6.608151149999999
458402	12.3718426589	3.9594503000000003
461547	5.75950717507	0.6671794000000001
464605	14.3698074492	5.4517935
464607	9.22725509065	0.8594817349999999
466364	8.03194611621	4.5422841
469198	8.03832029242	7.8666058
469474	10.3180854766	8.280841500000001
471452	9.16214892839	3.3662095
473070	13.1868890914	6.4067937
478717	8.4988409585	0.946667065
478759	11.7555160657	3.897227
478760	5.66132685509	5.08342815
480588	7.87490303406	9.487272
480714	10.7613174684	6.928063
481253	8.3000604181	6.7112412
485040	11.739895048	3.9019009999999996
487515	7.21851802124	1.6009123
493764	7.80843615733	4.3688968500000005
493765	85.0087321724	11.550984499999998
497329	15.7595079497	7.1947927499999995
497559	7.5081096952	7.226782699999999
497763	11.6709926056	4.7643699
501030	9.18631440202	5.3761285
501762	15.7409663382	5.03617315
501871	8.99982338919	5.05837585
505185	8.53975112035	4.2295617
505186	13.9221868483	2.38952675
508385	9.05419578463	6.09883375
510376	7.96640059352	0.05439404999999997
510377	8.50234825046	0.43656519999999976
510378	28.7324333572	1.8839607250000001
510379	9.02782183116	2.89614425
512362	9.00758082515	5.432399800000001
513489	5.79377914421	2.8366283
513843	24.3571402677	7.41862125
514459	11.0443553522	0.18914720000000002
520558	8.85553454248	0.234059295
520559	75.4746992425	8.1265503
520691	9.07963352966	5.6383986
521782	7.81205230752	4.66347675
521928	9.75755924002	1.66198
522752	8.80172958025	7.4788235
524305	8.7976870456	5.2567179500000005
525180	13.8120172666	7.7206975
534607	7.5043379183	-3.5929725
534612	9.19213592705	6.30970325
536408	13.1768077437	4.22151885
539735	17.0964600937	4.043261
541987	7.48650809539	7.023257
545241	64.7771562987	8.6163945
546218	5.96075508283	1.846613875
547765	8.39382612477	3.5096239
547770	6.92297244817	3.7776076000000005
549010	11.809554814	2.8042063500000003
549192	11.3372585942	5.4229762
549593	19.2365984389	5.9363889499999996
550621	10.390464961	3.9323451
554816	13.8274226438	3.2428735499999997
554824	6.85327803386	-2.757329065
555006	8.78306679867	1.267165785
560214	11.6344733091	4.4071155
564327	10.1291277126	4.27002325
566946	9.10740915302	-1.3241711
574122	10.4123396753	0.8681156600000001
586066	8.35862791597	2.194034625
586512	6.96427463426	1.78011575
587014	12.5697694394	2.6213718000000004
587015	26.4256158005	-1.4799757000000002
587019	12.9970945248	-3.55251275
587020	10.1883213541	-1.4270945000000002
587024	11.5927047091	0.270440746
587025	10.1883213541	1.1061874
588373	6.46577584	2.6207173
591329	6.46267081866	2.10399665
591333	12.03867934	3.90281625
591334	10.1739068933	0.49062848000000003
591953	11.5052172926	3.44778145
591954	15.6907298924	5.386882249999999
592034	10.1432247849	8.607174
594908	10.6008150994	5.644107999999999
594942	11.5046139594	6.632399299999999
594977	6.45561132758	-0.342710725
595010	6.93037091197	3.1770065
597221	13.3640818624	-1.5919355
598296	6.90927420871	4.56633655
600097	8.78119809636	2.8936766
600098	12.1593727566	4.55999535
600535	8.31602406442	5.788232000000001
600617	8.79065719103	5.0769105
600689	7.375283556	4.5516877000000004
600866	6.91821740434	3.7752739
602401	9.22732314667	2.5913502
604163	10.1412388815	2.76482291
605592	7.81527787556	6.06451845
605615	6.89425446749	7.5668548
605616	6.45653530429	3.65130715
608471	5.97688355109	0.13586142000000007
608528	11.980844988	1.5184876
611014	29.8864360672	5.2910544999999995
611071	14.7425347801	9.0890005
612064	17.9147165462	5.0308174999999995
612882	6.42520902302	-3.3116408999999996
613245	7.35268585776	1.8294910426000002
613250	10.1372793272	-4.36987685
613269	7.81677487282	3.5119357
613510	8.7532317747	-0.24125560000000001
613511	5.51398003252	2.4719788
614696	10.1018665214	6.2070595
614932	7.83099441241	8.09766
615516	6.41700662049	6.2635429
616096	20.6285925459	0.44860348
616766	9.18200351751	7.6468927
619623	22.0115744233	6.6927478
619624	5.96849389694	4.9365989500000005
620221	9.63589354897	6.1801657
621316	16.0379950065	6.50335825
621317	10.5558319598	4.3559978
624426	7.78811965032	1.5510511
625888	8.68780550578	2.69379805
628029	9.156922182	4.02976825
628195	6.42604874482	6.8744122999999995
628200	6.42604874482	2.15195805
628202	7.33366272921	3.2591731
628204	14.2044014479	7.113495500000001
628205	17.7164991887	5.2617803499999996
630613	8.26942718821	3.5017104000000003
630726	30.2599342592	9.69215875
631314	13.8524440737	4.6196946
631563	9.2036912517	1.7907703
632915	6.45455026928	-1.0052613499999998
632997	7.34837911134	4.1075227
633150	11.9905775046	2.272918365
633152	6.91164669245	0.9754265000000002
633527	6.90440587709	4.79439
633528	7.82562913475	0.01079192499999998
635015	11.9862931992	1.53786879
638550	7.40844694635	0.1000156000000001
639524	17.0124573708	1.2565328500000001
639614	7.85689606292	0.4676060499999999
639618	6.48009080523	-0.7575855
642525	7.89818937899	4.86951715
643883	5.57836861534	6.369387
644536	14.3933946697	0.6895660395000001
645517	16.7531709076	2.41094475
645518	13.4908168295	1.9221947999999998
650216	10.7466669271	3.1851076999999997
652063	8.40740417559	-0.44310828
652086	8.89837283937	9.137830000000001
652444	27.6194862908	2.71153365
653527	15.953151721	0.46503195
653528	15.9253934986	1.5187367475
653529	7.03574297215	-2.00452255
657502	6.10966500784	-5.7127005
657701	13.4511048236	-6.1318699
657702	17.7955208592	-3.7147329
657703	29.4600424145	-6.9116785499999995
657704	19.3862561631	-2.0271623
657705	34.6472092057	1.6159225000000004
657706	10.3258279195	5.82573745
657707	12.6886853423	6.0742087
657708	120.859037219	8.7998855
657709	233.986244964	13.3289035
657710	58.13354039	5.8511296999999995
657711	10.3258279195	6.1107215
657712	12.6886853423	2.6707115999999997
657713	53.1926200464	-1.9454048000000004
657714	21.1728387214	1.595559815
657715	15.5549586181	-4.181581
657716	21.5914287037	-2.3965620000000003
659647	8.0179987518	-0.8217801199999999
659648	20.7814528226	0.22450150000000013
659649	43.7633795417	2.7251733
660304	8.96525219625	2.6189635
661144	8.01212385215	5.97074825
667278	11.8933321828	2.04347565
667279	10.4642308417	1.9488042
668050	38.0848032773	3.1766191
669158	7.60087574821	3.1854008
669509	7.13375408371	3.1609178499999997
669510	9.03733232958	2.21163365
669515	9.03733232958	-0.6506425499999999
669946	7.60745087825	1.6477859000000001
672465	8.09569961042	1.15160125
672687	18.209154431	3.8559495
674109	6.68387431388	5.6352585
674840	5.7290683442	0.359602172
675073	15.2460873145	6.29431175
676127	6.22355727843	-0.5456829
679156	10.1645983907	3.7160128
682228	17.587581601	1.2361009
686336	14.142659982	3.8383373
687765	11.3885374596	0.46137906749999996
689703	6.94676757297	0.8681156600000001
694852	22.6252587304	5.87465415
696746	6.07453424742	6.1137683
697013	6.06750843475	6.70738635
700623	10.7763700357	2.7191059500000003
700629	8.19808417711	-1.9308592999999998
701432	16.8522582853	8.543856
706252	8.29026810615	2.732855225
707386	6.23228788389	0.707221765
715289	8.26683697741	4.539546
720146	10.7724987958	6.982064149999999
720151	10.2833107457	-5.626036999999999
720846	8.06831381951	4.3049224
721174	11.9133960298	0.8581677999999999
721343	11.2037332597	8.513421300000001
723977	5.98417658413	1.6238802
723982	10.8812598346	6.085361450000001
723996	5.97349547561	1.9157733499999998
724199	6.51445128989	2.8557934
724200	9.27097296558	4.29485175
724382	6.53899047268	-0.91690395
727518	10.2233142936	8.6366545
728944	7.72447763096	6.569276
740910	13.6042413943	5.4867953
740911	24.0470240943	1.0258669500000002
744708	8.07744690286	7.0819765
746162	7.52479680174	6.256484950000001
748926	18.173077862	1.39428645
748927	14.1006916866	3.3508036
749060	8.19504624671	4.95525335
750631	7.04600935678	2.75489555
750632	7.05770750967	2.0541320499999998
753172	12.4610435547	8.731881999999999
758317	12.4232777979	6.631764499999999
758773	6.01392050034	3.1925482
759910	30.2637277401	3.1644605500000003
761184	20.1640783003	5.946535
761486	8.04062784288	1.3358322249999999
761487	6.55739956227	9.209518
762893	8.61765912662	1.9892562985000002
764406	31.1751721008	1.29033335
764407	33.8527495421	4.874022849999999
764408	8.06488791057	6.9350688
764409	6.74212737721	7.5556078499999995
766668	11.0695932392	4.60687235
767632	7.86835647215	6.20956685
774339	10.7304788704	1.29775347
782364	11.9023314858	3.23502185
782551	16.6220671421	2.9530760000000003
782667	7.12767402137	4.1933255
782849	7.76206230451	-2.8950103499999997
782855	27.4870679676	5.81337365
783078	10.8978364232	1.7184713500000002
784571	5.86814310059	1.7454779999999999
784582	6.27101602414	3.5473268000000004
784583	5.70850655681	-0.12549095500000002
785316	9.14703897391	0.58725276
786075	8.53699267983	3.2643444500000003
786732	8.54315175635	0.49437113
787616	11.6578890903	5.9404012999999996
791723	11.7903391075	3.531217
792660	8.68427982332	3.8081372
792705	10.0042731348	6.0438809
808561	19.6039480808	7.3058926500000005
812912	12.3081129723	3.45779575
812969	13.1145482734	5.9367685
817999	42.1398329157	9.5437835
820252	5.5200090569	0.5097083
829753	7.64811427251	3.3245498500000004
830403	18.1476658332	7.7013362
831772	17.3685998886	6.865417
831773	6.9364252817	0.20042300000000002
831778	16.4480618266	-4.6076485
831787	5.56011754109	-1.30905246
831791	8.35398614027	2.5699958
838604	6.27903719508	4.2940261500000005
842909	11.533916331	5.50467935
843877	11.16616304	7.5002559
852476	5.61085742038	2.2252469
861916	9.1377163892	-5.959032499999999
861921	11.9793465544	3.6232340499999998
864849	9.15944043028	1.83523345
865259	9.33399702681	6.25020645
865554	8.4796657618	0.86387316
866024	11.2974702422	5.5939742500000005
866906	6.33328250824	2.81453755
869261	12.6852188994	8.095388
872754	15.5736072572	2.5180609
872755	11.3098183473	2.3190351500000004
875946	10.5711476442	5.92272965
888199	6.389641721	1.0703266
889754	6.40913225483	-0.006750950000000033
893003	7.12173251137	10.082203
908989	12.8697769926	12.175078
910048	8.56809771037	4.9311558
910054	7.13070736282	-3.0376217
911243	7.13374034267	4.9383403
917522	9.23519532707	1.537454715
919107	7.85347318448	2.3606355499999996
920363	6.42870904425	-1.60009877
920368	26.4606090639	1.09954145
920369	25.7716559373	3.94607865
921381	12.1695024464	3.1216715
922066	7.12572442155	5.938779800000001
922711	11.4080840439	8.63650175
925338	7.8755629539	6.3281575
925339	9.99644848541	0.6597379
928715	5.71665375136	-2.3499061
928718	37.233705954	-0.06867785000000004
929940	10.0212535202	2.5523789
938478	13.2169645452	6.98210405
938735	13.7423247686	4.515769
940191	9.27515050717	8.241990999999999
943040	6.44996855265	2.62732995
949740	5.73340771941	-4.3307547
949745	14.319227969	7.133055000000001
962158	7.1782415435	3.04303925
962777	12.9380612145	-0.7909569999999999
966135	10.0930533316	2.82205485
979815	18.7683701225	3.80770745
982347	6.49826734692	0.9938147
983143	10.1660288336	0.6295804999999999
985056	9.43811168364	-3.20064325
986711	5.788243635	0.2082676000000001
990139	9.41482126918	3.22515085
994424	10.9886358091	6.3174377
995275	24.640588827	6.06796
995375	13.0144552479	4.2180874500000005
995455	20.3099438492	6.3120255499999995
996752	17.0143087796	3.9460115
1002719	7.25663524267	-2.6028182500000003
1003379	10.1558942209	4.5265245
1006170	8.71498240176	8.4904395
1006385	7.23633351602	-1.4742144499999998
1006389	9.43312795939	2.2287874185
1006390	18.8951719209	2.735990525
1013548	6.52334776084	-1.82617247
1014135	6.51007459556	5.09855615
1014485	15.9164749304	5.9566111500000005
1014486	18.855894404	1.7160511999999999
1016815	7.2411603166	1.0401183
1017736	11.5569981619	3.26334975
1018967	5.79642455431	2.663157
1020169	8.69447088066	4.651216
1025369	6.52214439	-0.92904637
1026695	38.1022478637	5.716241350000001
1026761	8.00336630984	7.5997026000000005
1036028	20.3089046286	7.331209149999999
1036029	8.75117821796	6.3727105
1036033	32.3005964137	4.4989712
1036038	32.300617385	6.2236625
1036043	11.644529402	1.58038
1036267	7.26870590674	6.2327037999999995
1037954	13.8433137851	0.79154314
1040335	9.46821642927	-3.242166325
1042335	20.3249196085	5.4463587
1045226	22.9206890798	9.910582
1051769	8.76359778215	-4.07155955
1051777	6.56543673681	5.25706565
1051780	10.9763441671	-1.45877965
1051785	30.3097123099	8.2338035
1051792	10.2385817858	0.013824950000000058
1051798	37.0962517823	7.65601825
1051804	6.56530192221	-1.98482285
1058051	6.59586502333	1.9915331299999999
1067871	8.20787168249	1.80290945
1072897	12.5474906808	3.73716685
1078397	9.59963098282	7.40524235
1079451	8.84363768698	5.587567549999999
1096095	16.2862156046	-1.3241711
1096100	12.5661265561	1.270325747
1101458	31.292401037	5.39359735
1101492	5.92647592723	0.19033425000000004
1101768	5.9272703498	3.8752819
1114749	20.8526053874	7.940841
1114754	8.18436129628	-2.15128695
1115832	5.94839159215	4.9533893
1115866	8.18657084968	3.485523
1115875	11.1904953304	-1.13771961
1115889	12.64823946	7.6740902
1117714	12.6775774879	6.665331350000001
1119678	14.9050873486	10.1544305
1121256	12.6541216161	3.2178618
1121281	6.8330888921	-0.64624555
1123185	9.6668949116	9.1585745
1130147	9.695873043	-2.00752951
1134207	8.19517994287	3.4526209999999997
1140291	7.47563949603	3.3478700999999997
1145947	14.9377770168	9.001006499999999
1146561	10.4529635186	7.9724624
1147935	17.9232619872	5.2783388
1148247	19.415410506	3.735533
1148253	6.72544639474	-3.46902645
1148864	6.7423277019	1.39083763
1148869	6.72744523601	-3.8865229
1152693	17.9053480688	2.7521778
1155223	14.2905803783	0.23732010000000003
1156738	9.01335260208	-4.58063925
1167385	6.76965442144	1.8710569
1172461	8.24662891891	6.06647185
1174423	15.0953222717	0.3084878
1174741	12.0303393908	-0.607617125
1178875	16.4868810313	6.27384805
1193440	6.03901300743	-2.26379456
1194886	9.06148903606	0.513843975
1195721	7.55471935529	4.21720865
1224039	12.1456009347	6.868949
1228346	6.34025555459	5.8031894
1235068	6.08356171421	1.34696025
1236789	9.02761789998	5.825626850000001
1236868	6.08443987576	-2.42115055
1236869	10.632509477	4.2582778
1240479	7.61145033576	2.3071867349999997
1242414	9.13623342944	6.49137865
1244334	9.90789637177	0.7287409225
1244335	18.3225886347	4.015304
1244336	10.6769874241	2.43432345
1244434	12.2149610042	0.03297099999999986
1245680	6.09162974732	3.5631432
1249117	8.25774926352	4.717728
1249118	18.2629598575	10.0255805
1254961	9.0493656584	6.4623401
1261936	9.15619003142	1.99089125
1262298	7.64475356021	2.0083152999999996
1264288	12.984777969	4.7651188
1265157	10.719700139	6.05189275
1269808	10.6828256753	1.3778622999999999
1272333	6.10985329584	0.55872793
1272334	9.92093520631	4.33841255
1272869	16.0159925498	4.8713003
1302694	9.96230208885	0.21043242750000002
1310537	14.5483930506	-1.2016296
1310538	48.0452807025	4.81885005
1311254	13.0402534929	4.78716775
1311445	9.16887725226	4.0490224999999995
1311701	18.7180747843	4.4750124
1320790	19.0844696649	3.6611762999999997
1320791	9.94265062177	4.759165149999999
1320795	11.4989471632	-0.03852579999999994
1320796	12.2091208855	-3.95675157
1320801	10.8323848716	9.3044505
1320846	11.4682689461	10.433035
1326469	9.18753890325	0.27629431499999996
1326474	13.0106333254	2.97231325
1330838	12.1953511707	3.8983818
1342648	6.10007771396	3.61287875
1343659	6.87004123468	6.3730776
1345416	34.2966277892	8.11773
1345591	16.8068221	9.375405650000001
1345613	9.28516579543	10.056940999999998
1346039	13.7282100001	6.08672045
1348548	9.14825324309	-0.11820520000000001
1348553	6.8687342648	-1.21522365
1350547	16.8870224673	5.1726275
1350548	7.63912015696	3.1581092
1353339	6.09990598046	4.4287338499999995
1355181	9.13464912564	3.2750678
1356137	14.900203539	6.8513435000000005
1357071	6.8522868785	4.8568560000000005
1357996	12.2255014952	1.6129875500000002
1360903	7.6402456871	-2.69261615
1361123	12.9714275711	3.69204765
1362699	12.2059454763	5.3906765
1366870	10.8362669919	7.9439683500000005
1367381	9.03666172091	6.75272
1368534	7.62874630077	3.321138465
1371598	15.243616928	2.7605617000000002
1376428	12.8742276407	1.6596635499999999
1378544	6.07261374358	2.88620975
1378545	5.5667418102	4.53928565
1380758	6.06872019828	3.90337065
1388715	21.3120170145	5.0624614999999995
1388716	9.8605124113	3.8219775
1388720	21.3120170145	-0.9846545
1388721	17.5147992414	-2.6548248
1388726	38.0588686475	3.4892365
1388919	9.10959442543	8.714976499999999
1390859	8.35066008756	3.07429375
1395012	8.32193142924	-2.7093135999999998
1395014	31.1286158109	3.39480505
1395016	12.9253772921	1.1073103899999999
1395017	8.32195537295	0.004294600000000148
1399761	13.6182383344	0.8681156600000001
1402915	9.96366939806	4.459205900000001
1404125	6.05797910058	8.64721475
1406483	7.58652084196	2.20484682
1406881	7.5566615211	2.87908865
1414015	16.0857148847	7.447724299999999
1414016	18.1776140616	4.3311814
1414020	10.6098515631	0.5992133500000001
1432375	7.52420304463	4.73244175
1433446	9.81786219385	2.26718805
1434287	10.5619525073	3.0690722
1434897	20.4317496258	1.91718605
1435100	9.79760738836	4.6919197
1435173	6.76973291982	-8.53338075
1436335	10.5399447652	2.1813404
1445973	7.51443438254	1.44739415
1447652	6.01159513809	2.8151736
1460452	5.99664407317	0.10112735000000006
1460553	52.6472784581	6.0493977
1462475	6.73531060946	-1.73773337
1462574	26.555714357	1.7538540999999999
1469181	8.23778358944	5.1711945
1472395	14.9748808179	2.0366836
1472764	12.6795989998	3.4118194500000003
1477454	7.47214262404	3.8405408000000003
1477455	19.3533437395	4.2911499
1477468	6.73235858546	0.02916841
1485165	12.6402531784	3.42704955
1485356	13.4382126559	3.30261015
1487662	14.9356519513	5.42629485
1490168	6.70921555371	5.8401433
1491652	31.3985293383	6.29755015
1493184	9.69302720799	-3.18769175
1493185	13.4494633067	4.55632235
1496131	14.1110912633	1.390143775
1506568	12.6640492832	1.7265233
1513480	8.1592556163	3.90960325
1515761	22.365022914	5.1353317
1519388	12.635371205	1.4831477
1521546	10.3902433091	3.7957492
1525095	11.1202549657	0.420862675
1528177	6.68040926231	3.8523176999999995
1531246	17.7311325146	7.7206975
1531470	6.65793755235	1.8224056
1537600	5.92420843229	3.7423603500000002
1537921	8.86919640819	1.71939295
1537923	5.92255140475	-1.93769705
1537966	9.63145245606	4.026797800000001
1538564	8.89676747768	2.06971405
1542246	9.6342582303	-0.9558642499999999
1543401	14.7843733289	5.3000644999999995
1556831	15.4774855769	5.5607618
1562262	8.79694236809	1.6518066
1562263	5.87436465257	4.9360332
1566585	16.182422159	2.44318545
1567488	11.0399999749	2.16303265
1568940	16.8746121836	0.84232667
1571920	6.59965554169	3.8388275
1572949	7.36366304932	2.8480484500000003
1578383	10.2926762888	3.9580078
1585003	6.60320871526	6.9850995000000005
1590701	12.4593522454	-1.05982476
1594942	7.33871322659	0.8811119000000001
1596393	23.5428749446	6.9594791
1596995	5.87225804825	-0.26821225000000015
1597746	8.8366706451	-1.236152575
1597946	21.59456771	3.8471493
1598149	8.0799689328	-1.7128594400000001
1602313	21.0703516255	7.765101
1602314	15.4511397378	1.3361077
1602315	25.688783849	7.9812925
1602316	13.2438457398	6.0326632
1605360	8.8010530129	3.0578965
1605815	5.86641611926	6.0851103
1606824	10.2663602466	3.3325713
1606825	24.304599145	5.7406306
1606826	15.4213703049	3.9076449999999996
1614962	12.4826490993	6.5832388
1615699	18.3733850372	5.08404565
1629969	9.52315319808	5.5356025
1637836	7.31881595731	7.08565615
1637860	7.3333934283	4.11135185
1637863	28.0987846751	5.774263100000001
1637864	9.52181915819	0.7190237999999998
1646639	16.9324152728	5.346391949999999
1646640	12.3803349052	7.05779685
1650319	5.84292343954	-1.9369201
1657820	6.57073435152	-1.65092675
1657829	25.4760492232	4.8975795
1668602	12.3688454735	4.83869665
1675216	11.6740587303	2.51881216
1677276	10.9261146374	6.958097349999999
1685274	26.178148727	3.17547125
1686187	24.017814952	2.0133499
1690855	5.80751666134	5.020740399999999
1691059	15.3085962403	1.7933778
1701820	8.71624849126	1.70847742
1704002	6.5308596729	4.6763644499999995
1704155	13.104362794	2.521083412
1705262	7.2320760795	-0.10410074999999996
1712897	10.1527147525	8.5876295
1713110	9.09331569157	0.26717915
1716797	5.79245650204	7.28535365
1718198	32.7168823472	5.66732525
1719863	7.22848603705	3.8835763
1724973	7.23455024336	1.8185486
1725442	6.50259561539	6.9186265
1733094	11.5640435721	4.6543947
1733095	22.5227284459	0.17733345
1733096	13.0400588359	1.30232525
1733098	7.96732955961	-2.08843845
1733099	7.98166681984	-1.8921270499999998
1733100	8.69806991905	-0.20302035
1735156	6.50276093072	3.44328885
1735281	10.1545215027	3.8204427
1739219	8.7059837551	5.2238933
1741436	12.2865911331	3.0916362
1741461	16.6405070712	7.76555875
1742157	7.21696678625	5.269574
1742525	7.94702944796	1.69663293
1743713	10.8681386843	2.8770295
1748662	10.8672702517	4.33038785
1751128	12.2910358165	-0.55338098
1751129	19.4882171298	8.1741565
1751136	5.78064359853	-1.8615855
1751142	16.2553630761	2.8699854499999997
1762671	40.1870128815	7.6786542
1766448	10.0483378224	5.1276543
1766610	10.0915734015	7.663326
1766711	15.9161590997	4.2477555
1766847	7.70943551296	0.7599319999999999
1766848	11.5048608905	-1.95385835
1767101	9.39200868712	3.0987365000000002
1769138	7.91851207376	2.5549951
1769348	10.2326608563	5.9278391500000005
1769571	12.2408552354	5.502114150000001
1769590	10.1008336001	0.63364037
1771262	18.7093693614	8.37108175
1771263	14.4598552364	2.19223428
1777021	10.8089978807	-4.0008585
1781857	12.9185214842	5.08209935
1781935	15.8061484077	3.767575
1781937	11.5523260386	0.9973749000000001
1782656	22.3502768302	8.3877
1785928	20.1761395883	1.2985221999999998
1785929	11.4457142277	2.18359192
1789682	10.0565487871	-4.38760805
1793108	9.43547050053	-0.92435028
1797656	5.72603034869	1.9943377
1800563	9.98897211716	4.36730885
1801603	11.8141210553	7.9611885000000004
1813246	5.70043245559	-1.53737425
1814744	6.40557281704	5.62575485
1814843	12.8109852213	6.4136673
1818761	11.3784521896	3.0479267500000002
1820148	8.55859282486	2.9293154324999997
1822833	7.12039197171	-2.10990125
1825086	9.94630074797	2.65245865
1832183	14.2317535493	5.66555095
1838435	19.8312953017	0.26349568
1839667	16.90880539	8.349384
1841020	9.1814561086	3.3642695500000004
1844052	7.78465685612	4.2551561499999995
1844667	14.8919103683	5.30006245
1850138	19.1669252093	6.0255955
1868351	5.62698965783	1.1305634
1868959	12.6611649378	2.92188335
1870071	9.83283908077	0.8633862499999999
1871784	9.84005564685	3.4164125
1883454	17.5448557987	2.61689335
1889280	8.38636706948	6.5688295
1890266	19.6057140032	6.3983636
1893806	7.00549695651	6.2740715
1897905	10.4953859049	3.95576095
1897910	13.3023050808	-0.41665361500000003
1897915	19.6211450919	7.823178
1897917	5.58620856623	7.9779279999999995
1900211	15.3285441048	9.2030945
1900993	13.2710898217	5.436325350000001
1903329	6.27851431748	5.60975715
1906250	7.66879922025	2.13187755
1907762	7.66492146146	5.25520255
1915318	11.1491282658	4.20045625
1927334	11.1029695602	4.3804289
1927674	7.60117455609	3.8913116
1933848	5.5303023691	3.93576225
1933855	6.91287796138	-4.3699248
1936506	11.7379768785	3.3327193
1937858	8.27321510103	1.2143947
1938954	6.2059416493	4.08492095
1941565	8.2580619215	-4.9545395
1941568	10.3328832492	-0.4905681000000002
1941569	20.6111139405	2.6402964
1941570	43.7586970118	4.82157575
1941571	10.4341664963	4.2568069
1941574	13.7727542549	-2.302662
1942206	6.89176270227	5.1370735
1944918	6.89895237181	5.4371944
1945932	12.374875146	6.3019555
1947071	26.8177377324	3.58318975
1947072	18.2291872644	2.265169665
1947533	8.2515867691	3.11838165
1947676	16.5438032523	1.6878346
1953126	10.322075322	1.1156236000000002
1953193	18.5770552301	5.63195665
1956707	6.87758184376	4.2682694
1959751	15.8003010381	8.275875
1968524	17.8412773319	0.8023777599999999
1968719	8.2285042961	2.48737245
1971626	7.51979889984	2.6234339
1971628	10.9612916751	3.4522308500000003
1972518	7.54397903644	0.18022680000000002
1975337	6.1517951298	-1.63582055
1977415	8.19435188597	1.92959815
1981639	11.6061077149	0.8681156600000001
1993143	5.43798615144	-0.703011265
1993607	21.0720734099	5.9046199999999995
1996643	6.12503509177	-7.4653805
1999952	6.10623631348	6.1608728500000005
2001784	8.17371897945	2.9798102
2004940	8.14862192574	2.5811076
2004948	12.1011699112	8.365714749999999
2007904	9.52393856046	5.755441
2017845	6.07077147232	4.0413915000000005
2019761	7.43272478602	5.274153
2020085	36.058099596	7.858198
2020086	6.19412304232	1.28957788
2020087	12.2205149886	2.90258345
2020090	15.5185369965	0.5634215499999999
2020091	10.145289046	0.4807754499999999
2023172	11.4565955931	2.2745506
2024894	11.4385454536	8.4635465
2029188	6.06849243251	3.76518045
2029234	9.45586165483	6.8991902
2029994	16.1201765238	11.2024125
2033847	9.32059962813	3.3084142500000002
2034351	8.77236194009	3.2621211
2034995	12.8281429775	4.091795100000001
2049148	21.4636497898	0.8311377200000001
2051246	9.37700408305	6.214129
2053525	19.4314949486	-1.77731475
2053527	9.39799581527	4.1016791999999995
2057270	10.1325090239	-0.5879302949999999
2061727	13.3636172312	0.6974710075
2064489	11.4451728968	-0.43009241499999995
2067781	13.3684146934	0.8078053999999999
2067782	10.0295461504	0.15524708
2067783	8.68325504572	1.30245985
2067946	10.6628730325	8.086953000000001
2068179	7.96893696452	-3.2398108999999997
2068253	9.9880776822	3.3476260499999997
2068319	12.6790253101	2.65669439
2069726	11.3013689203	1.67961355
2072063	6.64280197127	5.312894099999999
2074849	5.98133571455	6.8597585
2075321	6.66694580708	7.94970675
2075571	11.2908770383	5.040113
2077614	10.6523417673	-0.401749195
2077824	8.6371872193	1.00271
2083678	8.62618034985	4.94606785
2086269	15.3353711469	7.069126499999999
2090150	18.1799287367	4.985932849999999
2090239	10.590890463	-3.6461847499999998
2090756	21.701742205	7.154698
2094501	7.29940756552	5.683504
2094718	5.29361849021	-0.3938457499999999
2095524	11.1336285465	9.293895
2095594	24.0494170678	9.264320999999999
2095595	17.653949745	3.2914404
2095600	5.29248608377	-1.625247465
2095602	11.9081490663	4.00506055
2095638	5.29231380352	1.919279615
2095639	7.27041956771	8.406768
2096027	17.235804047	3.5826020499999998
2099059	9.26196857864	1.76318395
2100082	7.93683260718	1.9468861
2103552	9.23572579374	2.2788229849999997
2103905	14.5524995817	3.0651369
2105316	13.8825974611	0.8681156600000001
2113868	15.8153809889	2.2079234249999997
2119733	8.51889878004	4.21043405
2120786	7.22901385987	4.7672422
2125895	15.7193773655	6.2194424999999995
2126629	7.2031897787	2.09812915
2127772	16.418629976	0.35315905
2129795	7.88740290035	3.2641973999999996
2129906	9.17177892837	1.71666315
2134691	5.23750114491	-1.581027105
2146940	7.17375864108	8.239480499999999
2146941	22.839671467	8.58283835
2148521	11.7426041422	-0.6406508
2148522	16.9358081064	2.9481914000000002
2148601	10.4639754871	-1.83388455
2149920	28.0874836193	2.49139965
2149921	25.774529537	4.5358452
2152272	6.50733871352	3.561171525
2152372	14.0151945682	1.07703135
2152373	9.76004628442	3.27942465
2153047	17.4054433572	6.55031565
2157376	7.81707729718	3.38407955
2158242	7.81395160223	1.12142663
2158551	9.11212845926	1.1378561
2159511	10.4122336668	2.0510647
2163577	7.13326667363	-2.7079929500000004
2163829	6.47600321511	-0.26835258
2170952	9.74592861316	-1.6968532349999998
2170953	19.524683447	7.5238405
2170954	24.0054761923	2.5782238
2170957	9.74592861316	-4.55572
2171097	9.07859352363	3.30866125
2174376	16.8335115317	-1.3241711
2174377	5.83341921644	-0.4214074
2174381	13.564171943	4.592867
2178986	11.6343831522	0.8681156600000001
2185392	6.45477074493	4.7804569
2186351	10.2924862186	5.56455465
2187037	21.9347406074	1.11244016
2190533	10.3028138724	7.98088385
2190835	5.14449202845	1.7282601
2197365	20.9879838196	4.01327225
2197575	7.71001432568	-5.8925963
2197580	8.98022988244	4.15005315
2200390	13.4658699848	4.1524015
2203057	7.03092422795	0.95331183
2203058	8.97274511007	2.9526751499999997
2203059	24.3926318733	9.752837
2203063	8.97274511007	0.0025127999999999817
2203603	8.36200472257	4.143019
2209947	8.33635935922	10.125786999999999
2211143	5.75702401387	2.3176263500000003
2212724	7.04630869988	5.7495949500000005
2214356	12.7872970685	6.0769823
2214361	7.02088145128	2.4465567
2214364	10.911657882	3.1631891999999997
2218617	11.5145145203	5.29043865
2222266	8.34488313908	6.6653467
2222335	5.76180569068	4.58799835
2225319	5.11086532946	7.322313
2225323	5.74341061295	-1.83337005
2225328	5.74342481579	5.437833400000001
2225663	14.6724497883	7.00567635
2225668	7.67768061721	-0.1738207
2230353	17.9287593411	4.58198865
2230354	26.8868331375	7.9586380000000005
2231488	5.09600157072	3.29437455
2231925	6.357705197	1.093088265
2231930	10.300694757	6.9821202499999995
2236686	7.64378818202	2.7977662
2236900	6.38119738667	4.696702200000001
2236932	9.5721174703	3.565798
2245943	8.24862540691	4.12823375
2245944	7.64500822914	-0.8421523499999997
2245962	9.51831641612	6.58286475
2247054	8.24853336013	6.21127295
2255664	9.49160462296	1.94826115
2255939	5.69151288751	7.786028999999999
2257046	25.2066586161	1.73821445
2261002	11.3740058844	11.299407
2264325	8.8175431604	3.40886285
2264513	8.82948080424	1.6720660499999997
2264514	8.21757300671	5.7685181
2264972	5.66776535537	6.31512415
2269787	13.2100880034	1.6553149999999999
2270754	9.29547554322	5.935859150000001
2278638	15.0680903169	5.3055642
2279167	5.63198623019	4.75856955
2285722	8.15565475816	2.7588776
2286670	10.0360185675	9.661449000000001
2291718	76.7422643764	4.506127599999999
2295259	7.49501130719	0.32649122
2296512	13.8882182072	8.877908999999999
2296945	16.8898347525	6.299626
2296946	14.3835135806	0.91947405
2298512	9.9784028144	4.3167696499999995
2298533	9.36931081764	3.7867171500000003
2298671	19.2930502788	3.81496785
2300308	8.11193436233	2.75424275
2301033	8.12391359967	5.73833245
2302632	8.40862349189	5.2196476999999994
2303374	17.4212601807	7.0624144
2304118	6.21614542756	6.16446685
2307001	28.7462795314	7.71878615
2307002	31.677869223	7.738195
2307006	6.50285000411	-2.29453239
2308988	8.72017229488	5.225702
2309100	8.70816119693	-0.9365562669999999
2309101	12.5211968868	3.7837537
2309102	13.093037057	5.1907350999999995
2309105	8.0923848109	0.64360025
2309322	8.69466068702	-1.7435735129999999
2309327	15.5422660298	3.7837537
2311020	9.95747730117	4.0736104
2315151	11.1895804427	3.03541255
2330530	17.3086774713	6.954230600000001
2334282	10.4485354772	7.03160235
2334728	17.8568232885	-0.72972137
2335894	9.19832458379	3.39860145
2336374	16.6776476201	5.9436615
2340233	8.60558389944	1.8835570000000001
2344306	7.35234543293	4.1507647
2345580	24.5055760948	9.732265
2351875	6.11306612105	-2.27112185
2353011	29.7370882486	6.53000935
2353052	9.77012086812	5.8286817
2353073	8.58378565621	6.3477998499999995
2357600	6.11041425297	-1.088876685
2357673	14.3161015724	6.4887767
2359600	12.8495943599	3.39734935
2366631	11.6109201644	4.0355506
2367334	10.403057351	6.584951
2370388	10.9764751436	5.2751055000000004
2376333	23.1473723996	6.6134974500000006
2380044	12.1955882852	5.9072320000000005
2382792	7.28807613038	4.5742946
2383988	6.68332318967	10.8826365
2384930	7.28251083853	3.7971373
2385351	10.3339994859	5.6172006
2387231	14.5736118819	4.101298
2400588	11.4507862651	1.6709616999999999
2405125	10.677493493	7.872677299999999
2405532	23.6071124512	1.37716505
2412860	10.2364033338	-2.1183987
2412866	35.1978794187	6.77635625
2412879	22.9444154956	7.501506300000001
2412884	11.4254612277	-1.4398626
2412887	7.79928841526	5.369172900000001
2412889	11.4254612277	1.6406638500000001
2412895	7.79933779108	-4.672439225
2415037	10.2015037793	3.0673644500000004
2416279	9.57847979122	1.6068658
2421486	7.18834142432	3.93820365
2431690	11.3506194194	2.6472569
2431695	6.55517014987	-4.1363199999999996
2433875	8.93351777167	4.87932575
2433876	8.94538464429	1.452168265
2437543	7.73186975337	-0.8294468999999999
2437548	8.33311866215	6.00968
2442278	10.1372286824	2.70395445
2446891	5.93905107481	2.98644805
2447771	7.73826375355	7.704542200000001
2448722	18.7480975325	8.2813695
2449185	13.1338435246	3.53601085
2450438	11.8835847863	6.747097
2452219	9.48866598491	8.4505595
2454704	13.6748832983	7.7405402
2454712	17.841992059	4.1609821
2455631	13.5475447129	1.6462477
2455870	8.2981811862	3.2389989
2458905	8.88071768731	0.937312225
2459311	11.8954387003	8.785155150000001
2465956	11.2118628247	4.223250200000001
2478560	12.9741269343	6.5116412
2478567	7.67439304357	0.12343740000000003
2478568	17.7355683003	4.33669135
2478569	14.7991091676	7.0200027
2479636	10.0731182976	6.2577715000000005
2484553	6.49688792114	-1.8605753
2485360	11.2374429082	-0.046508910000000014
2486681	10.589776742	3.2614019
2502299	6.46595988355	3.7449673
2508697	9.99467915733	0.3566209
2510536	8.79084330194	7.5923761
2512684	14.6159583304	3.6458633999999996
2512712	8.20611948023	-3.8100916000000002
2512713	8.78552639088	-1.503735332
2512719	23.2629898553	9.434248499999999
2512724	9.99089171011	-0.10203914999999997
2512725	7.6148187399	-2.36839205
2512729	9.99089171011	4.777438
2512730	7.6148187399	-1.386444
2514501	7.60571457831	5.9823318
2514747	16.4416749378	6.365493150000001
2515299	9.97117378309	-2.2730165500000004
2515300	15.2930183684	4.566346
2515840	7.61737302804	7.507847099999999
2515862	17.564281771	6.2416928
2516536	7.01367803749	2.50038495
2522082	6.4357810044	0.13586142000000007
2524049	17.5737874915	3.174765
2535592	11.6519042461	3.7203238
2538623	12.2546641016	5.2270667
2541005	9.14912419635	7.5812632
2546529	6.39878703294	4.48583115
2546918	11.6678450126	6.40321
2547693	12.8148394689	4.09977725
2550800	9.31152196294	0.459987885
2550945	11.62167491	1.5109336
2554437	8.73181542754	6.2351673000000005
2554442	8.14586798929	3.6271765
2554448	8.72035728454	8.9492105
2554568	6.9740830693	2.6943519
2555366	8.13547388405	3.6735457499999997
2556353	15.6909809973	5.300937149999999
2557511	6.94825404363	8.12663055
2557512	6.9713007953	2.059783515
2557516	6.94824584982	-0.73163055
2562769	15.0915167738	7.6511685
2565733	8.71717363559	-0.63814672
2566369	11.0315687804	4.7903882499999995
2568760	51.0528724646	9.469285750000001
2568761	8.11128760387	6.9125497000000005
2568762	10.4025630945	4.725035500000001
2569021	8.09948733093	2.2342454000000003
2569091	24.0680231996	6.71734835
2571950	19.080181782	3.6938252499999997
2571951	31.7272607996	9.3581375
2571952	28.420432072	8.49587725
2583874	9.81694705476	6.4966550000000005
2588183	12.7190492527	3.4916355
2589663	9.25672594893	0.9538513500000001
2589665	9.24526629107	-1.3584825
2595756	9.24783785736	-1.77736465
2595757	8.64276740632	3.6495105499999996
2601296	26.9694316093	7.036609
2601327	13.8650135534	5.5143982000000005
2602419	9.20972332648	7.7732575
2603398	8.64623452319	3.1111404
2604665	15.0331324676	5.9827673
2605630	34.1850606004	3.39304485
2605632	8.66703908644	4.07314015
2605637	7.48096428846	-1.9518078
2609518	15.5537674641	3.0348127
2610771	13.823536819	9.024900500000001
2611347	14.9829161793	4.154755
2611348	11.5445547726	6.950003649999999
2611848	13.2150702952	8.344737
2612502	9.17202629672	3.0431805
2619558	10.3358646898	5.15276965
2621243	9.17162762404	4.89087675
2622212	16.1710131508	4.78971925
2622995	13.195901753	-0.8768190999999999
2622996	8.03568911752	-1.4801041499999998
2627707	14.2959709577	7.534924
2629864	8.56260341921	8.1230035
2631223	6.87210131837	3.5860899999999996
2633176	14.3248300647	1.6876594825
2637809	21.153917705	5.03720165
2638331	21.1595104388	4.6145907
2641884	24.6335190113	7.4326775000000005
2645047	9.36772446325	4.5648463
2649149	21.5177778644	7.250015749999999
2649150	27.9604616427	-0.66385299
2649288	11.3967617271	2.57266875
2649726	6.25453701167	1.70629365
2649727	9.67432970419	3.4522589999999997
2655224	6.23961065062	3.8729207
2657101	13.0589087507	5.825044200000001
2657311	61.7601129488	5.1031569999999995
2658407	9.64478888415	6.7577549999999995
2658477	20.4666520521	2.67902175
2659335	24.9582438692	4.986227850000001
2661618	11.370805927	5.279355499999999
2661620	9.60083544024	5.89177
2661621	8.51422626901	3.3130861
2662103	8.5107908614	3.56893356
2662193	23.2453732305	6.9422844999999995
2662194	31.6210009404	4.8183882
2662195	6.77431258986	0.756622
2662285	20.368663939	4.8183882
2662286	7.91676822057	0.756622
2662835	13.6017196266	3.84394025
2662843	13.5794484419	8.18551875
2662844	13.6242068487	-0.464935
2663570	9.20234817007	6.616504
2666972	17.4875347662	5.785933999999999
2668290	7.35049518275	5.3166972999999995
2676221	11.2572242665	3.3583024
2676254	6.186427138	2.1508419500000002
2677331	8.45697574248	6.4701512999999995
2679945	15.6828968205	7.2538835
2688806	8.98657877862	6.44424375
2690635	43.2269895089	4.7823678
2690758	9.52219584291	1.58693425
2691476	23.6278948968	0.5642824200000001
2692086	20.7761016719	9.1135105
2692410	9.53949977388	5.4701995
2694212	14.0547391636	-0.12951943500000002
2696352	8.99278174147	5.09506635
2696408	14.5888179699	7.721894000000001
2703000	7.84818551179	3.27910815
2705233	15.6541391645	2.3602206999999997
2705234	12.8754968843	1.4764563780000002
2708133	10.6342212546	-1.1477442
2708823	10.057722828	3.7017447499999996
2712756	9.5318277389	3.4418017499999998
2712759	7.25358145313	3.8602632
2713416	8.39252687754	-0.17668158
2713483	7.26504523063	1.0308312750000002
2713485	15.1494063198	2.4830043749999997
2715288	6.94579460663	-1.6032872
2715293	10.0248797874	-3.3783468
2716916	8.9217130465	3.6922954500000005
2719575	17.2969589383	6.3224075
2720389	10.0551988703	4.328173400000001
2720498	14.5192436974	6.3390035000000005
2720578	19.006596295	5.5743335
2722666	13.9807417606	5.2240005499999995
2722831	8.93439842424	7.7460225000000005
2727766	7.45975060977	8.71703175
2730038	26.2026685133	7.404726500000001
2733013	13.7197125474	4.0857316
2734891	9.44643620658	4.39859835
2735023	6.67580156025	3.30945685
2739053	8.2976415014	6.42032665
2741756	6.10844239574	6.0827891
2743669	37.8868224731	7.573934700000001
2749258	6.65867979994	2.4021085500000003
2761449	8.25994938189	1.16989475
2764863	25.4557463128	2.9947958000000003
2789945	10.9721802758	4.29284215
2791277	15.886782962	11.879962500000001
2791646	15.9160304121	13.6980385
2793247	5.46610493717	6.9589347
2801012	11.4799299171	7.2625806
2801850	8.74469363973	-1.6753465
2805628	11.4375706612	3.412066885
2805629	11.9874014387	2.275998
2811537	11.9542695513	1.83558845
2812418	18.5033668457	0.3485027599999999
2819284	7.60360314932	3.6037165
2824465	8.66770627186	2.70088375
2824744	17.7267061742	3.8890516999999996
2828405	5.41037046388	3.62942135
2828844	9.78106517234	-1.0451913275
2834276	8.66586054327	6.98087645
2834860	12.136877652	2.05901505
2835156	10.8254140292	6.712609199999999
2835461	12.9972873376	6.3367898
2835813	16.8182033279	2.80541005
2836085	13.048566461	-0.35654600000000003
2836086	11.4000608007	2.7559703
2843724	12.4369962331	9.8441845
2843726	14.0624663809	6.54935485
2848496	5.39400043369	4.655162750000001
2852907	8.63844385557	1.468608105
2852985	8.6387761875	3.86365155
2852986	5.92646471385	0.80368589317
2856041	14.5526522028	7.53863215
2859275	7.53718223905	-0.32073635
2863685	12.9650814023	2.4699785
2864937	11.8236525832	5.8442425
2866621	8.08728953951	5.60575555
2870267	7.5077622142	0.86469255
2871443	7.51601244316	-1.71011845
2871782	15.595470432	7.570864
2871947	12.9421800378	6.5228132
2873664	11.8461954473	8.634672
2873733	12.9198751231	6.392177
2875643	8.56575060409	5.6830882
2889036	16.5437322514	6.3484169999999995
2889945	16.0375818192	5.4460802
2894084	8.49031562087	5.7492455
2894588	17.5452909027	3.6153831
2894679	16.6122548108	7.0110235
2896115	6.88493728254	5.6477635
2907322	9.02853707002	6.0796997
2908159	7.39982307389	6.71618
2913284	44.9847198046	3.8870899999999997
2914277	10.0717777668	3.0691802499999996
2914278	12.1844532769	2.7062521999999998
2916477	5.81157190492	1.2810630600000001
2916591	14.8212255504	4.2824099
2917932	11.6595405291	5.2448134500000005
2918472	13.7557742312	5.14116
2919263	14.6904591219	8.226937
2923851	7.37634716552	3.4071425
2928664	8.42948144768	5.9431007000000005
2930603	10.0265486591	5.774695250000001
2930605	8.94375262196	-2.7140868
2931836	10.0014891366	8.1821815
2932638	13.7248765252	4.4858597
2935050	13.6726312264	1.6120214499999999
2941303	9.99732088634	-1.43468815
2941307	7.85870884052	2.41328575
2941308	11.5649814853	0.94846385
2941667	5.77191895491	4.4077499
2943931	9.97985622272	3.3845821349999996
2943932	6.81575067441	4.01162245
2948041	22.1070564145	6.2467965
2948043	7.8782421326	6.2370487
2948668	7.34681987685	5.344153
2950476	5.23246353942	3.1089658
2950481	9.43921464265	1.331550785
2950482	14.7235951813	2.05083115
2950487	93.3235521147	10.075992
2950521	13.1167702653	5.8123197
2951500	9.96538014006	6.0057218500000005
2951722	17.5008958462	2.5258088
2952427	6.80590386157	0.9552867500000001
2953073	5.2311023055	-0.2100122499999999
2963078	7.85544925397	-0.7275633
2964423	8.34718041668	5.27332525
2965352	25.0981880966	5.01926435
2966535	33.5856990281	8.00993675
2967704	12.5606400877	0.19458632499999995
2970650	16.7067466279	0.252348775
2973769	8.80695896028	0.28208062
2974165	8.34322091747	7.499355850000001
2974588	8.32073974751	-0.04116759999999986
2974589	11.4823099975	0.19717205000000004
2978588	8.87284857346	4.9595696
3001022	18.0900776289	8.1701065
3009663	10.8178041472	8.61511075
3010146	8.2802912009	2.1415897999999998
3010147	10.3657088008	8.949675500000001
3017346	17.5644025034	7.1642735
3017552	10.3567630392	7.919751
3018563	11.8700734845	6.966935149999999
3019866	8.7921736345	0.4272076275
3021095	14.6340427029	6.2932331999999995
3024271	18.0795603486	5.98854445
3024510	7.220740496	0.42433332
3025605	13.412426645	10.566902500000001
3027491	7.73045222802	6.675079800000001
3036599	17.0273303289	4.09379985
3036679	9.28834682217	2.5617387000000003
3038911	17.0009334651	5.248701499999999
3039534	8.752769633	4.412951
3040082	8.74083723157	5.17243305
3041323	8.24926853227	4.01916615
3046537	5.65514096861	-0.8100149499999998
3052004	11.3321622684	2.285676615
3052005	9.76694886588	4.625654
3052731	25.6792274308	5.2480080000000005
3052732	11.3408290505	6.38360855
3052733	7.72311342312	6.39471565
3052736	6.68660130035	0.5316145500000002
3059267	11.821260949	-0.6220451999999999
3059272	30.3498944404	-1.67632435
3059273	28.4258414917	5.38696765
3059274	28.4054906466	9.2214005
3059278	14.9188635299	1.0886464999999999
3059279	9.74949787956	-1.5177178999999998
3059280	12.3392195669	-4.625095
3059284	9.74949787956	2.7911770000000002
3059285	9.26202274897	-1.2075502999999999
3059286	21.5709958631	3.6562670500000003
3059287	5.12868314529	2.2868383
3062200	6.16089977561	6.682034
3065320	7.70087529458	4.4778547500000005
3074187	79.5286166086	8.444104750000001
3074615	7.67706807453	5.5909825
3076663	16.394436541	5.408580150000001
3076664	14.3527200604	6.1909414
3080740	5.10088717386	-1.93550325
3080932	6.64622668996	3.17555235
3081325	10.1003057448	4.387361350000001
3082526	12.7968191049	4.643175299999999
3082596	11.2003683889	6.52934765
3083215	10.7164621606	5.45455525
3084520	10.6946500563	-1.2874456749999998
3084521	11.2868521762	2.9461937000000002
3086755	12.8027924395	3.2575548
3087281	10.188512156	4.0773729
3088994	6.64707325631	2.1383501000000003
3089322	11.2628574311	-1.8908128
3089324	10.7172883365	3.216856835
3092111	8.1719794084	7.942311500000001
3093529	41.6677093305	8.3375304
3093583	10.2268670808	8.1155405
3097871	13.0098123713	6.652601
3099931	5.59537255996	-0.5350929
3100977	13.7463538287	5.10672875
3101013	16.0530921342	6.221177300000001
3101350	13.7515562883	9.25944
3103754	5.08574711412	1.1712958000000002
3105906	11.2148293213	0.3307992165
3108112	10.7055123611	5.53458085
3108113	8.15754358202	3.1957497000000004
3123717	6.1022589085	1.1590610799999999
3125084	18.8417787377	4.847622
3125085	15.2441098857	-0.3137325499999999
3125086	25.4138340203	7.05883115
3126035	11.1846472936	8.0928823
3126794	10.1892435906	2.73114825
3131691	5.80679792766	7.88986775
3135284	13.6734013572	1.6237541
3137730	8.83408661813	4.76709925
3141068	10.6316655326	1.7390672
3145157	7.09928224134	1.38392536
3147873	25.7257503974	2.1988897499999998
3151164	17.5330635506	6.30337035
3151167	12.6279605015	-1.0064466500000004
3151169	17.6130637882	-1.1906268199999999
3151173	20.2206450313	1.2866754
3151174	11.0991953926	7.650494
3151178	16.6839157767	-1.0093198
3151179	11.0991953926	-2.8749249499999996
3151180	13.6367059822	-1.19404735
3151185	12.1081593733	3.18795595
3151190	10.110178668	-3.6146775499999997
3151434	12.7879423058	8.34994825
3154514	7.55441991663	1.41812795
3155853	6.04806326593	0.36585043
3157756	10.0998797304	4.4873924
3161954	11.5395157267	5.798398199999999
3161955	8.02488680853	1.5581394750000002
3163151	20.7108621934	5.527453250000001
3164218	15.1541351313	1.3839252800000001
3165429	8.58096640893	0.5498329500000001
3173842	9.57625604096	6.9441028
3182931	10.0230490007	0.14359845000000004
3183694	30.9738992926	5.7462420000000005
3186407	7.01909200174	0.21043242750000002
3197044	17.6763469246	-4.37837775
3197045	16.3031759856	3.4005151499999995
3197047	11.9332359636	0.2997608999999999
3197048	18.0961172863	9.356287
3197050	53.1597277392	4.86187415
3197069	5.48262127111	4.1601128
3197892	14.5034412194	6.82118415
3197894	9.48801118228	1.1622702000000003
3197896	7.49365900398	0.03725519500000002
3197903	10.4865866428	4.3174487500000005
3198008	14.0174086328	0.877052165
3198577	15.3579969435	2.9386098499999997
3198578	8.50220234595	0.39196742000000007
3199121	13.2634517275	8.114314499999999
3200646	12.6865462079	3.8722702
3206830	7.46643804195	5.989152150000001
3208639	79.3859349736	7.8273222
3208719	5.96282885125	1.72289973
3209715	11.9876289961	8.844354
3210046	32.0556784514	4.676049750000001
3210090	18.0934281843	6.13132
3214480	7.95054673399	1.084563829
3217722	7.43917158949	2.6154064
3220137	13.1581403143	12.6205555
3230900	8.37480464627	6.5105958
3231788	7.91394107149	-5.1373322
3231792	15.7112402362	4.4761565
3231793	10.864255191	-0.05918450000000003
3231849	11.0322704285	9.96086575
3232630	13.3239412775	5.22419635
3240675	6.40079457488	1.47324188
3240697	9.84506905077	-0.58813722
3241870	8.37858125652	5.7587121
3242213	8.55837160784	3.1437907000000003
3250067	18.6790085706	5.1196284
3258622	20.2467683055	4.485295649999999
3258624	8.68488477459	-2.8232798
3264218	8.27692578168	1.4018677
3267606	8.27607213258	0.01914465500000001
3278034	16.5956949956	2.1042109499999997
3278035	14.6715425075	0.63828885
3278036	12.6613904733	3.5080328
3279515	10.1926888637	1.28290676
3280475	9.25436663695	6.07083
3281184	5.82280429153	-0.153864743
3284110	8.01390778498	-0.19049629999999995
3284318	11.6296028287	2.278678
3287660	13.0286405108	2.23982485
3290562	6.29200168114	0.588197505
3291696	7.3840056509	-1.1840003000000001
3293991	12.5879713025	5.5891935
3294817	7.72743126458	6.67987475
3297103	7.71027100478	3.9473808
3300162	16.9042773195	3.2273741
3300163	7.73151607781	1.9674942999999998
3300165	23.2663866628	7.857541
3300166	17.3528456159	3.6609420999999998
3300167	8.21853103516	-2.0824444499999997
3303026	19.6931691812	-1.9653777
3303032	12.6341738525	3.0315788
3311412	8.48232148571	9.446771
3312537	7.82723229421	6.221043099999999
3315671	8.09739501239	2.13489775
3315960	9.07441411397	-3.0554810999999997
3318229	6.20227167546	2.45490795
3325468	19.0892332984	6.44927435
3326552	13.3798364035	4.60958985
3330633	7.62490378724	1.741515585
3330635	10.2592390334	7.72911925
3332404	71.6034446014	9.1600035
3333609	14.754866184	3.3330294
3338463	10.9155338973	3.9156125999999998
3338464	44.5678913054	7.0347249000000005
3338465	17.5283255793	5.103211999999999
3338466	11.3562042212	1.1461188
3338467	13.7380079929	1.8477437
3338468	10.9155338973	0.9444523999999999
3340674	8.21845542382	0.1774623500000001
3340917	8.50036721618	2.7818197
3341838	7.54881194277	6.2755873
3345532	10.851907724	6.3580702
3346481	7.9064583326	2.0470867
3348146	7.54879129472	1.7934741499999998
3353166	12.7676114625	1.3277747
3354822	22.1856938554	1.3811309999999999
3354824	7.04793119766	2.1465495
3356451	6.89851620056	3.53507925
3357492	8.92437779261	2.3443129999999996
3366841	7.00041751902	0.8681156600000001
3368876	8.47064727468	0.109537885
3369037	7.94952826174	0.55142795
3370721	6.14759697231	2.0054982
3370967	6.98866252385	8.955038
3372570	6.99374265839	-3.07499075
3372572	8.864227362	-3.3582034500000004
3372576	9.31574268089	4.2246124499999995
3373995	10.9960568328	2.9301853500000004
3380811	9.28088644257	0.018844445000000015
3382550	10.6734408689	3.9446208
3384527	13.1837144446	5.662907499999999
3386711	8.80589491989	0.38421330000000004
3388464	17.1084724724	-2.1906577
3388502	9.22540457046	5.481416299999999
3389012	15.6925229526	6.822087
3389337	11.7859585966	2.4293888
3392495	12.9002793608	3.3948557
3393092	7.8203137142	5.451447
3393097	5.9791461633	-1.3981148
3393153	16.1964631423	-0.5107442999999998
3393161	12.896794192	7.545026
3393162	12.0036430393	6.65370475
3393243	11.5000494714	4.25132855
3393244	14.0403385297	-0.22967890000000013
3393248	8.76641916624	-0.9714656500000001
3393252	8.13289667336	7.032740800000001
3393253	8.76645524855	5.9113998
3393335	10.1603787853	-1.1111780500000001
3393343	23.8146235295	5.207129350000001
3393344	26.1009728624	6.398299
3398365	17.4954709812	2.9021738
3401498	10.044045261	-2.044702265
3401500	18.8295177173	2.8245436
3401871	13.2951774898	6.0046583
3409123	7.74732646548	-1.5160327299999998
3410462	10.4447262306	5.47246515
3411763	6.36693056278	1.932466875
3412135	10.9116084886	3.52191745
3415413	9.24897229816	3.498087
3415484	24.2145133563	2.6277108
3415587	9.54985705588	4.55927825
3415715	10.9519620362	5.308461
3418915	12.9234760917	6.0189457
3420047	19.9841875516	3.781671
3420048	10.4584881558	-1.6933673649999998
3420526	9.50469788617	4.0713857
3422772	25.2082770911	8.562027
3422816	15.4190831941	2.78458965
3423544	14.0414667878	1.96651395
3423687	14.4782761155	4.20623635
3426411	9.46671990989	1.5724921
3426564	9.92128590811	8.71703175
3428759	21.7660367917	7.404726500000001
3429764	5.85174446088	1.6908816999999998
3430677	5.39298448443	2.88190935
3431383	15.0122699147	5.91528845
3431386	5.8343932629	3.41540728
3432562	13.0974442157	2.5424191499999997
3432642	11.7177539762	3.13690075
3433135	12.9770129515	-4.1037792
3435370	8.05454184214	4.287322
3438219	17.415919113	4.1511103
3442135	12.8293522677	7.92019515
3442136	15.1689900219	3.88814465
3442723	14.2385789432	3.5402053999999996
3444605	7.12184392805	-5.23145355
3444611	11.617043826	4.20547955
3444612	18.4561280191	11.906584500000001
3444613	6.68103980925	3.7938438999999997
3445685	10.2433016294	4.4749185
3445800	11.0083535722	5.7284125
3448238	5.78254576855	-4.27469215
3448243	5.78254576855	5.1544592
3448288	5.78297940866	3.7305335
3449390	11.5909514656	4.6544669
3449652	8.42469050546	5.7462026999999996
3449660	7.58132848785	4.57472885
3450802	9.75846818584	3.2419340500000002
3452052	7.54749952245	-1.1835267
3452116	30.4791145503	7.0220685
3455969	15.4981773143	5.836155
3464177	10.7189296313	4.9530673499999995
3464498	9.25706356805	2.6061737000000003
3467966	7.47959966027	8.71703175
3470247	19.4300411337	7.404726500000001
3473490	13.3479312913	2.5381131
3475647	13.8457538708	3.78682865
3478426	7.00361918373	5.1343496
3478427	25.0713574173	7.7758745000000005
3479210	8.7728638929	7.286691899999999
3484632	6.52226087688	-1.2514354
3485259	11.7706972167	6.92729335
3485724	8.30500146434	-0.65720485
3485730	11.3148204979	3.13622575
3490602	17.8863612097	3.8152105
3490603	11.3046778089	2.6350734
3490608	7.40748848564	1.37181475
3497495	10.4027132005	6.7775262000000005
3497775	6.92738320352	4.21496035
3501582	6.91437274084	-0.07575977
3503974	14.9902469559	-0.01403494999999999
3506360	15.9567288794	4.04523835
3507175	14.7356802969	3.821287
3509062	6.92523736256	-1.6265794
3509067	11.7950791668	3.7961531
3511313	9.06580771934	1.01344125
3513029	5.17300091566	3.0265686499999997
3516843	6.03149439164	3.3138363
3518135	7.77590763547	-2.9585216
3518306	5.60135064237	2.7697979
3519101	13.3378950409	6.239103999999999
3519125	8.16784416721	2.41925095
3521750	16.9210234674	2.9777895500000002
3522148	6.86087174786	-0.3876454499999997
3522492	5.17680820099	4.23464315
3522540	7.72838998441	0.19931120000000002
3523842	12.8886801514	4.04312685
3526980	12.3223705235	0.03298696499999998
3526986	8.99589048317	-4.4811999
3529467	7.13121807994	4.61739515
3541822	9.04452559263	5.548672
3542917	13.3507926776	3.34459735
3543204	8.25111705897	2.92246375
3543296	11.0413901754	2.9454440999999996
3545375	8.07358833541	1.823298035
3547825	8.47684067757	5.0635147
3548117	10.1638911918	6.777520750000001
3557153	9.68251731716	6.6201722499999995
3559591	6.32824856242	3.7085470000000003
3560035	10.5230789872	4.830508
3560036	11.7681251115	7.01847125
3560041	5.05309775753	1.775754
3560451	7.16254167085	1.8486628
3561545	5.46739014549	4.7693615000000005
3566870	12.6168395679	2.3897809
3566871	8.14191898845	8.0125257
3574439	9.48074682984	-0.6327035565
3578132	10.5703531364	10.520391
3579035	5.41697777608	1.50485875
3581135	10.4305526227	6.45216915
3581868	15.8091760143	4.6378775
3583070	13.3708312194	4.0499862
3590327	9.98247513543	4.86149585
3596107	10.9884923549	1.8433897
3596174	10.2722785217	4.10899785
3596175	120.907260183	10.474651999999999
3599089	8.6022825307	9.260584
3601375	18.4063529769	7.404726500000001
3602921	5.38371658079	2.78468395
3605003	8.87710231186	-1.0463117499999999
3605005	19.3534182106	5.0399807
3605008	14.3608677079	9.306314
3605009	45.2113269432	7.48516325
3605010	17.3628982216	7.5921097
3605013	9.47836223045	1.3299897
3605014	14.2065872611	0.9542164999999999
3605015	14.9250413853	-3.5723978
3606009	6.63150555069	1.78862478
3606317	8.98513171027	5.6259607
3610360	8.27557985584	4.21627735
3614397	8.20707111152	-2.7475426
3616526	10.3328997247	4.70339035
3616527	9.0761131306	2.81171095
3623470	23.3428299642	2.8682185000000002
3625920	12.9914856742	8.0181177
3626396	9.46632897135	4.97549655
3637840	10.2558295497	8.4954665
3641196	16.0600774632	-0.4124673
3641347	8.18351810766	1.22434125
3641532	5.73435898703	2.22816775
3641575	7.9591934297	0.6034022499999999
3642520	7.36049868933	0.862685015
3642613	10.6848961128	5.6187631499999995
3645577	6.5695769231	0.35329485000000016
3645582	9.85026879866	5.14895535
3649654	11.5294475378	3.9877766500000003
3651148	12.3614853026	3.2959869
3657338	17.5071492648	5.887560649999999
3659204	27.7475401179	5.75593975
3664171	17.3130492956	3.3733298
3666930	11.1285455107	1.39022955
3666931	8.22226772942	3.0011705
3680238	10.2617176762	2.6640429
3681137	7.38518657926	2.59617615
3686821	9.45314954438	2.0525539
3688134	7.38186219005	0.8194322999999999
3688135	11.2738753702	-1.21829245
3688137	9.02864954403	4.9692445
3688138	9.40174254767	3.7858918
3688139	92.7164534603	9.057072
3688140	11.2738753702	1.7998631999999999
3688142	8.20127222976	2.49529565
3688482	10.2704303114	6.015236
3689481	19.7070674581	4.37287725
3695098	16.5129451443	7.404726500000001
3706589	6.81251548174	2.8105646
3708541	8.13738361726	4.4678804
3709242	8.58581223558	3.7920941499999996
3709768	8.1562225785	5.8042695
3709945	8.18028502465	4.73753145
3709946	11.0470202972	0.7347390999999999
3716156	9.77297973731	2.5617946
3716157	12.2526939329	-1.5700148999999999
3721048	7.35320247324	1.73852025
3721267	11.4924557878	7.172915700000001
3722195	6.52400278159	4.4136261999999995
3724329	9.40657138815	4.71440835
3729596	11.8355906356	8.496773000000001
3739761	7.76069280821	4.1391481500000005
3743078	6.11027495469	3.7960944000000003
3747338	16.365309827	5.67922545
3748914	9.4088003292	0.8681156600000001
3750635	8.98214445675	4.24956575
3752594	5.71531538302	0.8681156600000001
3753843	20.4716622893	1.28842045
3753844	9.82007332985	2.44723415
3753845	7.75921342938	6.0979253
3754039	12.668263415	6.422327
3761604	8.98727598413	-1.25428555
3761608	16.6681451172	1.01870635
3761609	10.6308368524	6.9334848000000004
3763669	15.167402236	4.07517525
3763670	23.3544765259	7.887058
3771359	9.42219155512	3.7229588500000004
3772398	12.7066474063	5.54117335
3773011	7.77544902815	5.2395791
3773442	13.5594178232	2.3788768
3774536	7.39118177645	2.6887051
3774888	9.02270431551	4.4266026
3775862	9.85678124132	1.4633238999999998
3776268	9.82827613952	3.1833525
3782364	17.6694991639	6.5461295999999995
3786282	6.86625287173	10.526473249999999
3787465	11.5159400358	6.4560976
3788962	9.73987468209	6.18077185
3791141	10.7003235718	-4.5598308
3791143	12.7545825454	4.047401799999999
3792513	8.09268462166	7.40788815
3793146	7.90723624067	1.4946431
3793411	16.0269865723	4.370998800000001
3793490	10.6900147576	8.401995
3795256	6.99411859461	5.58042455
3796700	21.1155242747	4.7579651
3799500	5.36195017876	6.3347175
3799567	12.7837982067	3.3981448500000004
3799569	92.4652937336	4.880826
3808644	9.4817031212	2.187964
3808939	9.08116266119	1.68456994
3810970	5.76661128517	0.858355035
3810971	9.65131538749	1.98272505
3812216	11.7834379951	4.36830335
3815534	6.60287725058	1.3526234
3815748	6.60295377418	5.9125914999999996
3815940	7.01090304982	4.73261915
3815945	9.10033356685	0.8073030000000001
3815948	10.724517909	8.286457200000001
3817864	14.4433225138	9.12004375
3825241	10.7725838406	4.2409645000000005
3825346	6.20214402367	2.183939
3825359	9.96285724963	8.754649
3826145	10.3426413934	10.0174175
3826826	8.30701987783	1.012538815
3827982	8.31289849294	3.3891737
3828607	11.1936917748	4.8880327
3828608	7.45969141117	-1.7223054
3830533	7.0518405394	5.43374065
3830534	7.0518302641	2.6056136
3830535	12.1225460566	4.2373327
3831433	11.5606582662	5.11897435
3831434	10.7889080373	-2.24949783
3845280	6.24838009389	5.46056605
3845281	22.1169300128	5.22871335
3845282	18.5582384507	7.95638585
3849298	16.9196879725	-2.57995215
3849299	15.8573934091	6.790889699999999
3849681	7.90971385574	6.8608080000000005
3850062	9.15253414976	4.5863473
3850104	15.4444214735	5.740457149999999
3854215	9.5523943207	6.2192005
3854216	12.8735822163	-1.1911103
3855071	8.33201549276	2.44748245
3855682	22.9570560771	5.96024725
3858597	8.7351273261	3.3684546
3860094	18.0322898767	2.77610885
3861413	6.2441803488	-3.8866134999999997
3861417	9.16859514332	3.87807955
3861419	12.855134383	6.09697295
3866702	9.28776082593	3.93215105
3870024	9.18577958171	4.33128215
3880380	16.5352288674	7.690542799999999
3880657	7.95903407083	1.8819455500000002
3880658	20.7122072864	5.37679865
3881020	27.3568033807	1.54196954
3881021	28.4884196452	4.48185885
3881536	6.28018193942	5.16851945
3881595	15.2741357682	5.5418968
3888253	10.4950396622	3.058973
3890836	9.26345264896	2.04145815
3903141	9.30621443564	1.570283675
3903618	9.31096252226	1.1104394450000001
3905629	8.0684113052	-0.48866007499999997
3912683	6.36611018275	3.82079305
3916945	9.21886455644	1.51678157
3918214	27.8114778159	3.4271034
3918215	9.34714315463	0.722799375
3918620	13.6310287951	6.2436421499999994
3924442	6.42797837557	2.54819845
3924836	53.3958404316	5.84122065
3925508	8.59400334206	2.26366635
3930413	33.7869808104	5.510308650000001
3937066	30.2633979317	1.2880616
3937156	18.5743155586	2.34974455
3937502	13.0036227532	0.16478292
3938751	9.94902669648	4.6689348
3940047	20.2598866269	6.465619050000001
3940114	10.4152246505	-0.90128745
3941466	14.2767741769	4.2957947
3941467	6.05870474223	0.1345921499999999
3943699	7.81873330467	5.0100122
3944963	5.20468622247	4.43135965
3948209	12.2313977759	0.6784061299999999
3948278	11.3237002139	-0.8329538999999999
3950979	33.8141331723	3.89903715
3954154	5.23848957556	8.1018535
3955483	13.1112720044	4.33474035
3956582	6.5753285361	0.44098950000000015
3958229	12.8185896875	6.93200565
3959113	14.9140034358	2.0944088499999998
3960482	7.46576776932	0.5111808500000001
3961499	10.8234217991	4.6232173
3961959	8.77142551628	5.13464285
3962437	9.69557747102	5.5844235
3964392	12.5390777292	8.675793500000001
3974348	8.37375076378	4.4452183000000005
3978216	35.0247462159	9.761963000000002
3981739	8.40359429536	6.07299615
3981950	8.58891824734	3.15764695
3987061	13.2403222996	0.1754058
3990760	9.63609164764	-1.01651436
3991416	6.12069386876	6.395694
3994514	12.5146430871	6.45155035
3994515	8.01600922749	8.08769525
3997078	7.61434690024	2.1498403
3997414	7.59023759404	-1.6978227000000001
3999448	14.8136656927	6.9244193
3999449	6.72378876978	1.75774
4000244	11.2535928545	5.761646750000001
4003615	8.99283037304	1.8304728
4003746	5.83422745706	6.4452815
4011615	5.42031371178	5.5905445
4012789	8.60488157568	4.0370798
4013565	16.3121171931	2.95877538
4013566	7.71271637661	2.67884442
4023538	10.7575607813	10.462826
4023624	18.8482842297	5.94235935
4023625	23.2194495072	8.3210033
4029594	18.152216217	4.9185818
4030333	8.25182283055	4.8526095
4034985	34.4194052443	6.09250475
4037464	8.67791056977	8.64327
4042094	5.98488255617	2.8455232699999997
4042616	15.9846768952	0.32640955000000016
4042617	49.6116171872	2.1995016
4042621	10.1402756024	3.51690375
4042623	11.5367765028	2.09796192
4042767	11.0571935742	5.10620415
4044865	7.4081333252	1.5686421
4045017	10.4686325232	5.685021
4045386	12.6709797774	0.46978184500000003
4045870	7.41200765796	7.418123
4053005	11.5399657794	3.8994007
4053075	14.6877158719	6.1693777999999995
4053841	17.158167617	5.928394300000001
4053842	55.1807093055	7.6029725
4056409	7.88636417835	2.7932486499999998
4057622	6.49669724979	-2.1183987
4057628	22.4179390176	6.77635625
4057641	20.3011247152	7.501506300000001
4060206	8.39619146142	8.0420955
4061259	7.9046630888	5.077234499999999
4061776	16.8369408578	1.22399865
4064509	25.5049338875	-1.02467981
4065482	17.7113356075	8.00679975
4065483	22.0040837372	2.24234175
4068435	9.80938902633	4.007892
4068904	6.55304825921	6.0569869999999995
4073483	13.1073410652	1.7015926499999998
4073485	7.51173973594	0.33029735
4074594	8.46088337851	3.73988035
4074667	6.1017589572	3.37276185
4074668	6.57541980542	-2.0110486
4079815	9.52966257016	3.43889955
4081564	7.06824005348	7.699406
4083211	10.8745205868	3.83052635
4083785	12.6688006607	10.5042625
4086673	14.6894151273	7.2083597
4087120	11.3415049905	6.2453348
4087121	7.57042102001	1.3531484
4087122	12.2961257346	0.6537240999999998
4087153	17.8801986543	0.9190051300000001
4088198	6.62836940134	-0.25758938499999995
4092302	9.47337507081	-0.35713870000000003
4092733	10.909879406	-0.3098987499999999
4092739	14.2089749373	2.3082732
4099083	11.8472889969	2.73773935
4100413	36.4083567389	4.0603114
4100479	12.3608762514	0.2940839
4100481	91.7659538954	3.4101916
4100484	12.3608762514	0.20341585000000006
4100486	20.0187716438	2.646345515
4100487	19.0447075196	-2.07146975
4101816	11.418575533	0.22659655
4101817	11.5548369312	4.18687995
4102421	8.08905279253	4.118612000000001
4103452	11.8671378456	7.1346295
4103753	8.54577298705	9.7766785
4105576	9.42137888688	-2.43274665
4105577	24.4929135744	1.4926533000000002
4105578	28.2143851164	-0.41988725000000005
4111350	65.8331143218	6.13082195
4113107	9.07910574893	4.0841526
4113108	9.5709659216	2.66649965
4116655	6.68751534048	6.7879605000000005
4117072	14.2037070483	2.44376455
4117962	9.0965964685	2.783123485
4118018	15.7704197469	5.2073151499999994
4119994	9.59122716577	2.8224416999999997
4120850	9.08113565748	4.20540035
4123967	10.5586374017	0.7755799
4129387	11.075265944	-2.50878175
4129547	14.2029688737	2.82979345
4131982	8.66707842425	4.113196
4132401	11.9089698339	0.4713707
4132859	12.3761729618	4.24981
4137998	9.17170143479	1.8224027
4139440	9.61380739173	-2.4501127
4139920	14.9011891643	4.87452885
4140365	8.6680849749	5.51379465
4140372	8.68729020485	-0.220823107
4140446	109.148917495	7.10764885
4143401	10.1311515269	4.3536778
4145558	8.69167720606	2.83036725
4146215	9.15638703017	1.88092381
4146918	12.5314740698	4.627568699999999
4149582	9.62997184731	4.6261878
4151714	7.72611493968	-3.52549497
4154353	12.0553638745	5.615508849999999
4158083	5.79135585306	5.3523426
4158629	7.74185159278	3.98058685
4161520	13.0701859065	4.9660785
4162256	8.22865220467	6.5201328
4166050	5.8026062539	2.4605435
4168821	11.6460972631	1.93812467
4173659	9.57538186319	-0.502204325
4173660	18.4736337268	0.374959575
4173663	6.30499027883	-1.227904325
4173665	10.1531614076	-2.42156565
4176735	8.74149309803	1.26859035
4178638	6.80263210221	4.9314408499999995
4181921	21.4930908027	6.8579715
4181923	7.7757268226	1.0064273925
4185368	7.82194948589	2.54395305
4185369	24.7101690924	3.79931355
4191700	8.2753590765	-1.5804246
4192164	7.29966102045	2.9954332
4194378	7.79658216606	6.89064935
4195816	18.5511825884	5.923102500000001
4199102	9.78411564441	6.78734485
4199115	7.94312912516	2.39029145
4199117	12.6914820568	-4.1129587
4199135	12.1889534501	2.01283705
4199942	19.0337395615	4.572502
4201004	11.2478422554	3.08010015
4204495	18.6728284293	6.14201425
4204500	8.81585681964	-1.0034505500000002
4206786	9.7822175167	6.46218885
4206868	16.2807736897	0.29224209999999995
4207226	5.86743910837	1.67997199
4207975	10.162883701	0.473754025
4208079	6.36417967199	-0.89111115
4208548	9.17510847506	3.0026686
4209307	17.2650198728	5.1308797
4209315	11.2642974374	0.7539755149999999
4209731	7.34821033084	5.23414085
4209845	9.32434604652	2.9225475000000003
4210191	15.234509541	2.38733495
4210800	7.88424268292	2.75940085
4213668	21.6795728737	7.404726500000001
4215946	10.6305012581	8.71703175
4216099	7.47645951123	1.5724921
4218488	14.2472828565	4.6318307
4218489	8.87843905004	1.233523415
4218555	9.85242065408	3.1806865
4219387	11.165438565	6.510711000000001
4219487	10.3280067704	1.66949195
4219600	10.8234324478	0.49064248499999996
4220547	16.2905451798	1.9774205500000002
4221955	9.37978593923	2.4757888
4223168	6.90782100717	4.18953315
4223215	12.323167289	1.9543337285000002
4223793	7.39682913438	2.11384115
4231261	14.8943206738	3.9116517
4238889	6.42856128538	7.410679249999999
4247622	16.9835921034	6.737133849999999
4247755	5.44247086106	3.7715836499999997
4247778	14.3708550065	7.409681
4248558	8.42300789074	3.6353923999999997
4249680	11.0862367578	2.4850952
4252565	6.9340578223	0.5949983999999999
4252566	8.92485754799	6.0708658
4253988	6.49029914564	3.2285795
4257842	8.93146530587	7.7171705
4260192	11.4420517337	-4.1564244
4260197	12.9139660136	-0.7326110500000002
4260198	12.9336270183	3.63276125
4260226	5.94672870188	1.73074635
4260231	13.2573776778	3.4875837
4263362	6.00345838664	9.0294552
4266720	12.19094557	4.5288571
4268798	5.94590511483	-0.4632384999999999
4268799	7.42749865285	3.14475655
4268801	9.59878088586	0.8462458350000001
4271114	6.7249110897	7.2817490000000005
4276003	6.44574866289	2.01920885
4276400	15.4259455353	3.4672247499999997
4276405	15.4460924444	1.5382160999999999
4276406	14.443828837	2.46798825
4276409	13.9131967749	4.65990185
4276887	7.4807274606	3.3914096650000003
4276888	6.44536647211	3.0311196999999996
4276889	5.95410222235	0.15459954999999992
4276891	14.4629886726	3.5562427999999997
4276894	5.95410222235	1.0449600700000001
4276895	8.44006223094	-1.1066821
4276899	7.07822384527	1.87492935
4276991	10.9568747624	-0.19040024999999994
4276992	15.4282056367	5.6211345
4276994	9.39860276769	3.0461438000000003
4276999	7.47932969939	-0.7936569500000001
4277698	8.43171827387	3.8864537
4278111	8.91499381299	4.660615
4279102	7.94296567006	-0.616263785
4288776	10.4468704547	4.542562
4289002	16.8870003788	9.3179125
4290540	13.4299286606	5.693239
4293958	9.28957783917	10.440561500000001
4294618	7.96663486137	0.8243626999999998
4294623	6.97198153159	6.79550685
4295906	6.47241284677	6.1255275000000005
4295909	13.949970262	4.21202275
4295910	8.45284572449	2.592604025
4297072	9.42876340307	4.8899565
4297077	6.97567212685	2.69403495
4297274	12.6007095288	5.679142
4298125	17.9022428987	9.199226
4302123	5.97538108982	0.270543015
4302932	7.36832893547	4.01821855
4304334	10.4892342209	-0.7553059499999999
4304335	12.9859340435	3.7999475
4304336	14.120001169	4.0748645
4307143	15.9943167698	1.18926722
4307144	12.4893314123	4.6633177
4310811	11.9956055754	5.22149395
4312758	12.9797230439	4.0223575
4312759	14.472431823	2.8002877500000003
4322913	8.51333541095	7.4678872
4323024	9.70733394547	0.244411545
4323571	23.3529663009	12.981033499999999
4323576	10.3784176089	0.4805883499999999
4323577	17.498334803	-1.1666395500000002
4323578	6.59077091843	0.9555571
4323581	10.3784176089	6.76577175
4323582	8.01669244469	1.83664925
4324050	7.68547049869	9.560905
4325346	5.98691196774	7.2472864999999995
4326306	8.51044665084	3.31520065
4326930	6.49471515769	5.2299147
4326975	13.8296312188	4.42904525
4328307	9.00963001924	4.3474985
4328575	6.73039610065	8.7948095
4331362	7.00273877568	5.3611152
4331713	7.99377426688	6.15535885
4331813	10.1330231663	6.7457294
4334422	5.9944523828	4.3435757
4334431	24.0596451526	9.1978395
4334434	5.49913305724	3.3919548
4338804	10.0424241755	2.0808946749999997
4340401	6.00868567546	-5.21705225
4340406	12.0372617317	1.45479133
4340439	8.01187700439	7.564855250000001
4341126	7.02072798145	6.3423324999999995
4342158	13.2487837533	3.6299635
4345150	16.0569218179	5.17571885
4347784	11.5133966064	6.12090265
4350845	10.0379074025	5.93402925
4350847	11.400910609	4.0391585
4350848	22.617383422	3.250846
4362968	7.54499500493	7.14030415
4369159	17.713000418	3.4635228
4369831	15.9681013849	7.933259
4369863	8.57207975476	3.6675238500000003
4370074	5.53878837012	5.810619300000001
4370307	8.0645201435	2.63595458
4370308	10.5696417424	4.3808875
4372095	7.80128502257	1.9288359000000002
4377036	9.81552847146	1.5753631750000001
4377037	7.07493674219	-4.42517525
4381097	6.11225752727	1.7694904500000002
4382081	24.263143929	5.57423175
4382120	8.58106413122	5.71418725
4382124	97.539617497	7.655939
4382125	8.46365855938	2.89221255
4382131	15.1416617281	-4.4603052000000005
4388757	12.6731569049	4.50822375
4393448	7.58060919738	-1.1430946999999998
4393855	6.06073746402	3.7169972
4393872	5.56065970848	1.55761801
4393877	7.6008925213	3.5922709499999996
4394237	11.6129904874	4.1781406500000005
4397282	6.061210886	2.77536385
4397283	22.1876431306	3.82614755
4397648	9.78901053834	2.3937686
4397775	9.09276936797	5.19768595
4401212	5.61985646668	3.5122147999999997
4401542	10.10103014	5.2010795000000005
4402166	6.57685382703	3.970415
4402797	8.09859461136	2.3135548
4404366	6.07795459507	4.87477515
4404914	8.07173138524	3.8545162499999996
4406785	8.10081123944	1.1510698499999998
4408710	8.60607247431	6.580636
4408712	19.8577167967	8.4107785
4408927	5.57084245464	3.7267875
4409902	6.08090054756	5.6516398500000005
4412650	9.59079979343	9.220969
4414099	8.11134763972	2.7073203
4414722	23.538403139	3.0128437
4419590	6.09033737761	2.651574325
4420149	16.7079003513	1.2509012975
4420375	22.6939540514	11.626058
4421625	8.63069171475	0.8379455779999999
4423128	12.5980128753	4.1708235
4423727	7.10876597893	4.2232976
4430002	17.6694446913	8.5417225
4430003	9.13009841915	3.1960094000000003
4438546	8.1105292337	3.50635065
4441473	9.10514997545	3.777496
4441487	9.1254416682	2.790915
4441751	5.06349505951	4.67480275
4442994	26.8576355879	4.9247276499999995
4446296	8.51822035984	0.79021205
4451109	10.1606445889	5.629134499999999
4451114	5.57222930669	-5.5282965
4454562	8.83317092067	6.2519908
4455599	7.60772584343	3.53306745
4456249	6.10279057985	0.1710646
4461080	25.2580397448	4.7010493
4461081	11.3655170436	3.22746305
4461207	30.8093529246	5.092905999999999
4461581	5.08581516064	-0.5136345
4461588	7.63368611784	1.9794580000000002
4462567	7.63356331233	4.693376
4462663	19.3868138757	6.0863057
4462664	5.59950446567	2.98944295
4463885	6.59701357772	0.79633672
4464489	28.5496554823	7.81001565
4465565	7.63183547611	-1.4258308
4466452	6.12241485393	4.5720107500000005
4466453	7.14126085574	0.39185012999999996
4468919	6.64353491658	3.65431565
4471088	6.62725751293	1.9885856
4473796	17.5199513405	1.73482205
4473797	13.7375918439	2.99461612
4473798	18.4382958759	-3.1427005
4479482	8.68022046539	1.22158326
4483548	12.8217000725	4.0466535
4487772	12.3215975284	4.07306585
4490065	6.66724403486	2.4498763500000003
4490153	9.64695668541	2.49829515
4490503	26.2437381713	-0.6159688
4492196	12.8452480494	2.3320264
4492856	16.4306266614	1.5470503
4492864	20.1275257861	9.6655955
4493088	7.6981818769	2.73927815
4493296	7.16046357949	9.747973
4498676	6.15329520959	2.06932446
4501467	6.1669703543	4.2713666
4501754	8.24160551864	4.6253258
4503140	7.697706593	-1.2706581
4503141	9.77488829823	4.11110215
4504516	6.68818138208	0.21043242750000002
4508482	5.14774281068	3.7944552000000003
4513844	6.69480811128	3.4118194500000003
4514213	10.3092698131	2.0366836
4517153	20.0572366609	10.416894500000001
4517363	14.7681212867	8.758475
4517490	9.34999208851	1.6006961
4517491	16.5386967254	-3.0796349000000003
4517575	7.75354393207	4.10413065
4517577	10.199791136	7.71098435
4517885	8.7865613272	3.31206515
4518099	7.76621532846	7.170976
4518303	59.0144084658	7.52532965
4518395	13.0759558248	5.0648406999999995
4518544	8.27976761811	1.2367503
4518939	9.81361291244	0.7122739499999999
4520323	15.0692193388	4.5323537
4520591	13.430617064	8.408702
4521808	8.77701492156	1.31398905
4521813	8.23472702357	2.20166875
4524737	7.26492531714	6.594416000000001
4524744	8.28961712637	-1.52126515
4524745	5.69714533302	-0.036950650000000085
4524750	51.659460316	7.656144149999999
4524755	12.4498935791	3.79474865
4524756	19.1511674365	-1.65712905
4524757	5.17458464257	-2.0292408
4524761	22.8092803979	6.4747214500000005
4529825	14.4895702871	1.86827835
4533134	7.28608697009	2.74961495
4533333	10.3705830532	1.9481730000000002
4540676	18.3590857255	6.1148641
4565645	8.39329801941	2.2836597000000003
4568023	6.30077463268	-1.8420215500000001
4568024	13.488727899	6.4538417
4573136	12.6041638335	7.13127725
4576592	21.61252217	5.236060350000001
4577192	8.9352486172	2.2383235999999997
4577193	13.1690023473	-0.75691245
4577194	17.9018958275	-2.2044923499999998
4577195	21.4070451596	3.88218775
4588003	13.3679282116	6.1310284
4588069	10.6272102987	9.460679
4592756	10.0116378861	1.9152569000000002
4593491	5.80256582011	5.29888055
4596703	24.9099202105	5.7870957999999995
4604952	6.93281219706	6.23366625
4607763	11.1418184679	-1.27568805
4610740	10.0721178404	2.1164110800000002
4612533	6.3774923562	8.41233225
4612776	23.456094513	4.0288399
4613550	10.1039270455	1.1695737
4619968	18.1970890621	9.8283755
4620568	9.59567908407	7.2022565
4621312	15.5233163196	10.226979499999999
4622089	9.63715642333	4.1190461
4623885	41.733988244	10.3049965
4623893	12.2477555215	3.41064575
4624617	12.4444970763	8.846712
4628598	12.2174004644	6.9568286
4631823	15.924464789	10.81315625
4631825	12.281478946	4.28102975
4633773	11.1844141782	5.7875625
4638083	34.5682825913	7.5159044999999995
4638715	11.2160663065	4.611748
4639358	6.91937205478	4.1132183
4642893	18.3385543102	3.18315125
4644519	5.35143953127	7.0214105
4645534	8.58527207928	2.20024215
